0.000000000000000000e+00
3.524159546941518784e-03
1.395025197416543961e-02
3.106261603534221649e-02
5.465041100978851318e-02
8.450796455144882202e-02
1.204346120357513428e-01
1.622340381145477295e-01
2.097145318984985352e-01
2.626891434192657471e-01
3.209754824638366699e-01
3.843953311443328857e-01
4.527746737003326416e-01
5.259435772895812988e-01
6.037366986274719238e-01
6.859915256500244141e-01
7.725514769554138184e-01
8.632608652114868164e-01
9.579702019691467285e-01
1.056533098220825195e+00
1.158805608749389648e+00
1.264649152755737305e+00
1.373926758766174316e+00
1.486505150794982910e+00
1.602255702018737793e+00
1.721052050590515137e+00
1.842769980430603027e+00
1.967289090156555176e+00
2.094493627548217773e+00
2.224267959594726562e+00
2.356501102447509766e+00
2.491086006164550781e+00
2.627913713455200195e+00
2.766882419586181641e+00
2.907892942428588867e+00
3.050843715667724609e+00
3.195641517639160156e+00
3.342194795608520508e+00
3.490409374237060547e+00
3.640199184417724609e+00
3.791479110717773438e+00
3.944161415100097656e+00
4.098169803619384766e+00
4.253418445587158203e+00
4.409835815429687500e+00
4.567343235015869141e+00
4.725867748260498047e+00
4.885338783264160156e+00
5.045686244964599609e+00
5.206842422485351562e+00
5.368743419647216797e+00
5.531322479248046875e+00
5.694519042968750000e+00
5.858272075653076172e+00
6.022521018981933594e+00
6.187214851379394531e+00
6.352288722991943359e+00
6.517695903778076172e+00
6.683379650115966797e+00
6.849290370941162109e+00
7.015377521514892578e+00
7.181596279144287109e+00
7.347897052764892578e+00
7.514232158660888672e+00
7.680561065673828125e+00
7.846839904785156250e+00
8.013027191162109375e+00
8.179081916809082031e+00
8.344968795776367188e+00
8.510643959045410156e+00
8.676073074340820312e+00
8.841219902038574219e+00
9.006050109863281250e+00
9.170531272888183594e+00
9.334631919860839844e+00
9.498318672180175781e+00
9.661561965942382812e+00
9.824327468872070312e+00
9.986595153808593750e+00
1.014833450317382812e+01
1.030951309204101562e+01
1.047010898590087891e+01
1.063010311126708984e+01
1.078946495056152344e+01
1.094816970825195312e+01
1.110619831085205078e+01
1.126353263854980469e+01
1.142014408111572266e+01
1.157601737976074219e+01
1.173113250732421875e+01
1.188546848297119141e+01
1.203901004791259766e+01
1.219173717498779297e+01
1.234364128112792969e+01
1.249469184875488281e+01
1.264488124847412109e+01
1.279420280456542969e+01
1.294263076782226562e+01
1.309015464782714844e+01
1.323676490783691406e+01
1.338244819641113281e+01
1.352718544006347656e+01
1.367096805572509766e+01
1.381379795074462891e+01
1.395565032958984375e+01
1.409651565551757812e+01
1.423639202117919922e+01
1.437526988983154297e+01
1.451313209533691406e+01
1.464998340606689453e+01
1.478580379486083984e+01
1.492059421539306641e+01
1.505434608459472656e+01
1.518704605102539062e+01
1.531869888305664062e+01
1.544929313659667969e+01
1.557882499694824219e+01
1.570728683471679688e+01
1.583468246459960938e+01
1.596100234985351562e+01
1.608623886108398438e+01
1.621039009094238281e+01
1.633345794677734375e+01
1.645543479919433594e+01
1.657631492614746094e+01
1.669610977172851562e+01
1.681480026245117188e+01
1.693239784240722656e+01
1.704888725280761719e+01
1.716427993774414062e+01
1.727857208251953125e+01
1.739175987243652344e+01
1.750384521484375000e+01
1.761482810974121094e+01
1.772470092773437500e+01
1.783347511291503906e+01
1.794114494323730469e+01
1.804770851135253906e+01
1.815317535400390625e+01
1.825753593444824219e+01
1.836080169677734375e+01
1.846296501159667969e+01
1.856403923034667969e+01
1.866400718688964844e+01
1.876288986206054688e+01
1.886067581176757812e+01
1.895736885070800781e+01
1.905297851562500000e+01
1.914751052856445312e+01
1.924094963073730469e+01
1.933331108093261719e+01
1.942460441589355469e+01
1.951481628417968750e+01
1.960396194458007812e+01
1.969203948974609375e+01
1.977905654907226562e+01
1.986500930786132812e+01
1.994990539550781250e+01
2.003375053405761719e+01
2.011654663085937500e+01
2.019829368591308594e+01
2.027900123596191406e+01
2.035867500305175781e+01
2.043731498718261719e+01
2.051492691040039062e+01
2.059151268005371094e+01
2.066707611083984375e+01
2.074162673950195312e+01
2.081516838073730469e+01
2.088769912719726562e+01
2.095923995971679688e+01
2.102977180480957031e+01
2.109931755065917969e+01
2.116787910461425781e+01
2.123545837402343750e+01
2.130206108093261719e+01
2.136768722534179688e+01
2.143235015869140625e+01
2.149605178833007812e+01
2.155879783630371094e+01
2.162059020996093750e+01
2.168143463134765625e+01
2.174135017395019531e+01
2.180032539367675781e+01
2.185837364196777344e+01
2.191548919677734375e+01
2.197169303894042969e+01
2.202698707580566406e+01
2.208137130737304688e+01
2.213485908508300781e+01
2.218743896484375000e+01
2.223913574218750000e+01
2.228994750976562500e+01
2.233988952636718750e+01
2.238894271850585938e+01
2.243714141845703125e+01
2.248447227478027344e+01
2.253095245361328125e+01
2.257657814025878906e+01
2.262135887145996094e+01
2.266530990600585938e+01
2.270841979980468750e+01
2.275070190429687500e+01
2.279217720031738281e+01
2.283282661437988281e+01
2.287266540527343750e+01
2.291170120239257812e+01
2.294994735717773438e+01
2.298740005493164062e+01
2.302406501770019531e+01
2.305995559692382812e+01
2.309507179260253906e+01
2.312941360473632812e+01
2.316300392150878906e+01
2.319582557678222656e+01
2.322790908813476562e+01
2.325924491882324219e+01
2.328984260559082031e+01
2.331970977783203125e+01
2.334884643554687500e+01
2.337726974487304688e+01
2.340497207641601562e+01
2.343196868896484375e+01
2.345826339721679688e+01
2.348386383056640625e+01
2.350876808166503906e+01
2.353299331665039062e+01
2.355653190612792969e+01
2.357940483093261719e+01
2.360160255432128906e+01
2.362315177917480469e+01
2.364403152465820312e+01
2.366427230834960938e+01
2.368385887145996094e+01
2.370281028747558594e+01
2.372112846374511719e+01
2.373882293701171875e+01
2.375589752197265625e+01
2.377234649658203125e+01
2.378819274902343750e+01
2.380343627929687500e+01
2.381807708740234375e+01
2.383212852478027344e+01
2.384559249877929688e+01
2.385846900939941406e+01
2.387077903747558594e+01
2.388250923156738281e+01
2.389368057250976562e+01
2.390429115295410156e+01
2.391434478759765625e+01
2.392385292053222656e+01
2.393282127380371094e+01
2.394124984741210938e+01
2.394914436340332031e+01
2.395651245117187500e+01
2.396335792541503906e+01
2.396969032287597656e+01
2.397551155090332031e+01
2.398083305358886719e+01
2.398564910888671875e+01
2.398997116088867188e+01
2.399379730224609375e+01
2.399715042114257812e+01
2.400002288818359375e+01
2.400241851806640625e+01
2.400434875488281250e+01
2.400581359863281250e+01
2.400682830810546875e+01
2.400738143920898438e+01
2.400748825073242188e+01
2.400715446472167969e+01
2.400638389587402344e+01
2.400518035888671875e+01
2.400354957580566406e+01
2.400149154663085938e+01
2.399902153015136719e+01
2.399613761901855469e+01
2.399284362792968750e+01
2.398914909362792969e+01
2.398505973815917969e+01
2.398056602478027344e+01
2.397569656372070312e+01
2.397043991088867188e+01
2.396480178833007812e+01
2.395878982543945312e+01
2.395241546630859375e+01
2.394567298889160156e+01
2.393856811523437500e+01
2.393110847473144531e+01
2.392329978942871094e+01
2.391514015197753906e+01
2.390665054321289062e+01
2.389781188964843750e+01
2.388864707946777344e+01
2.387915420532226562e+01
2.386933898925781250e+01
2.385920333862304688e+01
2.384875488281250000e+01
2.383799743652343750e+01
2.382692718505859375e+01
2.381555938720703125e+01
2.380389595031738281e+01
2.379193878173828125e+01
2.377969551086425781e+01
2.376716423034667969e+01
2.375435829162597656e+01
2.374127388000488281e+01
2.372791671752929688e+01
2.371428489685058594e+01
2.370040130615234375e+01
2.368624877929687500e+01
2.367184829711914062e+01
2.365719604492187500e+01
2.364229774475097656e+01
2.362714958190917969e+01
2.361175918579101562e+01
2.359614562988281250e+01
2.358028984069824219e+01
2.356421089172363281e+01
2.354790878295898438e+01
2.353139495849609375e+01
2.351465034484863281e+01
2.349770164489746094e+01
2.348053550720214844e+01
2.346317291259765625e+01
2.344560432434082031e+01
2.342784690856933594e+01
2.340988922119140625e+01
2.339173698425292969e+01
2.337340164184570312e+01
2.335488128662109375e+01
2.333618354797363281e+01
2.331731033325195312e+01
2.329826545715332031e+01
2.327904510498046875e+01
2.325966453552246094e+01
2.324011611938476562e+01
2.322041893005371094e+01
2.320055389404296875e+01
2.318054389953613281e+01
2.316038131713867188e+01
2.314006996154785156e+01
2.311962127685546875e+01
2.309903144836425781e+01
2.307831382751464844e+01
2.305744552612304688e+01
2.303645706176757812e+01
2.301534080505371094e+01
2.299410629272460938e+01
2.297274017333984375e+01
2.295126724243164062e+01
2.292966842651367188e+01
2.290796852111816406e+01
2.288615417480468750e+01
2.286423110961914062e+01
2.284220886230468750e+01
2.282008934020996094e+01
2.279786109924316406e+01
2.277554893493652344e+01
2.275314712524414062e+01
2.273064804077148438e+01
2.270806694030761719e+01
2.268539810180664062e+01
2.266266250610351562e+01
2.263983154296875000e+01
2.261693191528320312e+01
2.259396362304687500e+01
2.257092094421386719e+01
2.254781341552734375e+01
2.252463340759277344e+01
2.250139808654785156e+01
2.247809410095214844e+01
2.245474433898925781e+01
2.243133544921875000e+01
2.240786552429199219e+01
2.238435554504394531e+01
2.236079406738281250e+01
2.233718872070312500e+01
2.231353950500488281e+01
2.228984642028808594e+01
2.226611328125000000e+01
2.224234580993652344e+01
2.221855163574218750e+01
2.219470596313476562e+01
2.217084693908691406e+01
2.214695358276367188e+01
2.212304115295410156e+01
2.209910011291503906e+01
2.207513618469238281e+01
2.205115318298339844e+01
2.202715110778808594e+01
2.200314140319824219e+01
2.197911071777343750e+01
2.195507431030273438e+01
2.193102455139160156e+01
2.190696716308593750e+01
2.188290977478027344e+01
2.185883903503417969e+01
2.183477210998535156e+01
2.181070327758789062e+01
2.178664207458496094e+01
2.176258468627929688e+01
2.173851966857910156e+01
2.171446800231933594e+01
2.169042968750000000e+01
2.166640281677246094e+01
2.164238357543945312e+01
2.161837577819824219e+01
2.159438896179199219e+01
2.157041358947753906e+01
2.154646110534667969e+01
2.152252388000488281e+01
2.149861526489257812e+01
2.147472572326660156e+01
2.145086479187011719e+01
2.142702102661132812e+01
2.140321540832519531e+01
2.137942886352539062e+01
2.135568237304687500e+01
2.133196449279785156e+01
2.130827903747558594e+01
2.128462600708007812e+01
2.126101493835449219e+01
2.123744010925292969e+01
2.121390151977539062e+01
2.119040489196777344e+01
2.116694259643554688e+01
2.114353942871093750e+01
2.112016296386718750e+01
2.109683609008789062e+01
2.107355690002441406e+01
2.105032730102539062e+01
2.102714538574218750e+01
2.100400543212890625e+01
2.098093223571777344e+01
2.095789718627929688e+01
2.093491935729980469e+01
2.091199684143066406e+01
2.088912963867187500e+01
2.086631584167480469e+01
2.084356117248535156e+01
2.082086753845214844e+01
2.079822921752929688e+01
2.077565383911132812e+01
2.075313568115234375e+01
2.073068428039550781e+01
2.070828819274902344e+01
2.068596458435058594e+01
2.066370010375976562e+01
2.064150238037109375e+01
2.061937141418457031e+01
2.059730911254882812e+01
2.057531356811523438e+01
2.055338478088378906e+01
2.053152847290039062e+01
2.050974655151367188e+01
2.048802947998046875e+01
2.046639060974121094e+01
2.044481658935546875e+01
2.042331886291503906e+01
2.040189743041992188e+01
2.038054847717285156e+01
2.035928153991699219e+01
2.033808517456054688e+01
2.031696701049804688e+01
2.029592132568359375e+01
2.027495765686035156e+01
2.025407028198242188e+01
2.023326301574707031e+01
2.021254158020019531e+01
2.019189453125000000e+01
2.017132949829101562e+01
2.015084648132324219e+01
2.013044929504394531e+01
2.011012649536132812e+01
2.008989143371582031e+01
2.006973457336425781e+01
2.004967308044433594e+01
2.002968215942382812e+01
2.000978660583496094e+01
1.998997497558593750e+01
1.997024536132812500e+01
1.995060157775878906e+01
1.993104934692382812e+01
1.991158294677734375e+01
1.989220046997070312e+01
1.987290954589843750e+01
1.985369873046875000e+01
1.983458137512207031e+01
1.981555366516113281e+01
1.979661560058593750e+01
1.977776527404785156e+01
1.975900268554687500e+01
1.974033355712890625e+01
1.972175598144531250e+01
1.970326805114746094e+01
1.968486595153808594e+01
1.966655349731445312e+01
1.964833831787109375e+01
1.963021850585937500e+01
1.961218070983886719e+01
1.959424591064453125e+01
1.957638549804687500e+01
1.955863761901855469e+01
1.954096984863281250e+01
1.952339744567871094e+01
1.950591850280761719e+01
1.948852920532226562e+01
1.947123336791992188e+01
1.945404243469238281e+01
1.943692970275878906e+01
1.941991806030273438e+01
1.940299987792968750e+01
1.938617324829101562e+01
1.936944389343261719e+01
1.935280418395996094e+01
1.933626365661621094e+01
1.931981277465820312e+01
1.930345726013183594e+01
1.928719711303710938e+01
1.927102661132812500e+01
1.925495719909667969e+01
1.923898124694824219e+01
1.922309684753417969e+01
1.920730209350585938e+01
1.919161415100097656e+01
1.917601203918457031e+01
1.916050910949707031e+01
1.914509391784667969e+01
1.912977981567382812e+01
1.911455917358398438e+01
1.909943199157714844e+01
1.908439826965332031e+01
1.906945610046386719e+01
1.905461311340332031e+01
1.903986358642578125e+01
1.902520942687988281e+01
1.901064682006835938e+01
1.899617576599121094e+01
1.898180198669433594e+01
1.896751976013183594e+01
1.895333099365234375e+01
1.893924331665039062e+01
1.892524528503417969e+01
1.891134262084960938e+01
1.889753150939941406e+01
1.888380813598632812e+01
1.887018775939941406e+01
1.885665512084960938e+01
1.884321212768554688e+01
1.882986450195312500e+01
1.881661415100097656e+01
1.880345726013183594e+01
1.879038619995117188e+01
1.877741241455078125e+01
1.876452827453613281e+01
1.875173377990722656e+01
1.873903465270996094e+01
1.872642898559570312e+01
1.871391296386718750e+01
1.870148849487304688e+01
1.868915367126464844e+01
1.867691421508789062e+01
1.866476249694824219e+01
1.865270233154296875e+01
1.864072990417480469e+01
1.862884712219238281e+01
1.861705398559570312e+01
1.860535812377929688e+01
1.859374618530273438e+01
1.858222770690917969e+01
1.857079505920410156e+01
1.855945014953613281e+01
1.854819297790527344e+01
1.853703117370605469e+01
1.852595138549804688e+01
1.851496315002441406e+01
1.850406265258789062e+01
1.849324607849121094e+01
1.848252296447753906e+01
1.847188377380371094e+01
1.846132850646972656e+01
1.845086097717285156e+01
1.844048500061035156e+01
1.843019294738769531e+01
1.841998481750488281e+01
1.840986251831054688e+01
1.839983177185058594e+01
1.838987350463867188e+01
1.838001060485839844e+01
1.837022972106933594e+01
1.836053276062011719e+01
1.835091972351074219e+01
1.834139060974121094e+01
1.833194732666015625e+01
1.832258415222167969e+01
1.831330680847167969e+01
1.830410957336425781e+01
1.829499244689941406e+01
1.828596305847167969e+01
1.827700996398925781e+01
1.826814460754394531e+01
1.825935554504394531e+01
1.825064659118652344e+01
1.824202346801757812e+01
1.823347854614257812e+01
1.822501373291015625e+01
1.821662712097167969e+01
1.820832252502441406e+01
1.820009231567382812e+01
1.819194793701171875e+01
1.818387603759765625e+01
1.817588615417480469e+01
1.816796875000000000e+01
1.816013526916503906e+01
1.815237617492675781e+01
1.814469337463378906e+01
1.813709068298339844e+01
1.812956047058105469e+01
1.812211036682128906e+01
1.811473464965820312e+01
1.810743331909179688e+01
1.810020637512207031e+01
1.809305381774902344e+01
1.808597564697265625e+01
1.807897949218750000e+01
1.807204627990722656e+01
1.806519126892089844e+01
1.805840492248535156e+01
1.805169486999511719e+01
1.804506301879882812e+01
1.803849601745605469e+01
1.803200531005859375e+01
1.802558517456054688e+01
1.801923370361328125e+01
1.801295471191406250e+01
1.800674819946289062e+01
1.800061035156250000e+01
1.799454307556152344e+01
1.798854064941406250e+01
1.798261642456054688e+01
1.797675323486328125e+01
1.797096252441406250e+01
1.796523666381835938e+01
1.795958328247070312e+01
1.795399093627929688e+01
1.794847106933593750e+01
1.794301605224609375e+01
1.793762779235839844e+01
1.793230438232421875e+01
1.792705154418945312e+01
1.792186355590820312e+01
1.791673851013183594e+01
1.791167449951171875e+01
1.790668296813964844e+01
1.790174674987792969e+01
1.789687538146972656e+01
1.789207649230957031e+01
1.788733863830566406e+01
1.788265609741210938e+01
1.787804222106933594e+01
1.787348937988281250e+01
1.786899375915527344e+01
1.786456298828125000e+01
1.786019325256347656e+01
1.785588455200195312e+01
1.785163497924804688e+01
1.784744834899902344e+01
1.784331703186035156e+01
1.783924674987792969e+01
1.783524131774902344e+01
1.783128929138183594e+01
1.782740020751953125e+01
1.782356071472167969e+01
1.781978607177734375e+01
1.781606483459472656e+01
1.781240081787109375e+01
1.780879783630371094e+01
1.780524826049804688e+01
1.780175971984863281e+01
1.779831695556640625e+01
1.779493904113769531e+01
1.779160499572753906e+01
1.778833580017089844e+01
1.778511810302734375e+01
1.778194999694824219e+01
1.777883911132812500e+01
1.777578544616699219e+01
1.777278327941894531e+01
1.776982688903808594e+01
1.776692581176757812e+01
1.776408004760742188e+01
1.776128768920898438e+01
1.775853729248046875e+01
1.775584602355957031e+01
1.775320243835449219e+01
1.775061035156250000e+01
1.774806785583496094e+01
1.774557113647460938e+01
1.774312973022460938e+01
1.774073600769042969e+01
1.773839187622070312e+01
1.773608970642089844e+01
1.773384094238281250e+01
1.773163795471191406e+01
1.772947692871093750e+01
1.772737693786621094e+01
1.772531127929687500e+01
1.772329902648925781e+01
1.772132873535156250e+01
1.771940612792968750e+01
1.771752357482910156e+01
1.771569442749023438e+01
1.771390533447265625e+01
1.771216773986816406e+01
1.771046447753906250e+01
1.770880699157714844e+01
1.770719528198242188e+01
1.770562553405761719e+01
1.770409584045410156e+01
1.770261192321777344e+01
1.770117187500000000e+01
1.769977188110351562e+01
1.769841384887695312e+01
1.769709968566894531e+01
1.769581985473632812e+01
1.769458389282226562e+01
1.769338989257812500e+01
1.769223213195800781e+01
1.769111442565917969e+01
1.769003677368164062e+01
1.768900299072265625e+01
1.768800354003906250e+01
1.768703842163085938e+01
1.768611526489257812e+01
1.768523025512695312e+01
1.768438339233398438e+01
1.768357658386230469e+01
1.768280029296875000e+01
1.768205833435058594e+01
1.768136215209960938e+01
1.768069267272949219e+01
1.768006515502929688e+01
1.767947006225585938e+01
1.767891120910644531e+01
1.767838287353515625e+01
1.767789459228515625e+01
1.767743873596191406e+01
1.767701530456542969e+01
1.767662620544433594e+01
1.767627143859863281e+01
1.767594337463378906e+01
1.767566108703613281e+01
1.767539978027343750e+01
1.767517089843750000e+01
1.767497444152832031e+01
1.767481422424316406e+01
1.767467880249023438e+01
1.767458152770996094e+01
1.767450904846191406e+01
1.767446708679199219e+01
1.767445945739746094e+01
1.767447853088378906e+01
1.767452812194824219e+01
1.767460250854492188e+01
1.767470932006835938e+01
1.767484855651855469e+01
1.767500877380371094e+01
1.767519950866699219e+01
1.767541885375976562e+01
1.767566490173339844e+01
1.767593765258789062e+01
1.767624282836914062e+01
1.767656707763671875e+01
1.767691802978515625e+01
1.767729949951171875e+01
1.767770195007324219e+01
1.767813491821289062e+01
1.767859077453613281e+01
1.767907142639160156e+01
1.767957305908203125e+01
1.768010520935058594e+01
1.768065834045410156e+01
1.768124008178710938e+01
1.768183517456054688e+01
1.768246269226074219e+01
1.768311119079589844e+01
1.768377876281738281e+01
1.768447303771972656e+01
1.768518257141113281e+01
1.768592262268066406e+01
1.768668556213378906e+01
1.768745994567871094e+01
1.768826675415039062e+01
1.768908691406250000e+01
1.768993186950683594e+01
1.769079399108886719e+01
1.769167900085449219e+01
1.769258117675781250e+01
1.769350051879882812e+01
1.769444656372070312e+01
1.769541168212890625e+01
1.769639396667480469e+01
1.769738769531250000e+01
1.769840812683105469e+01
1.769944190979003906e+01
1.770050048828125000e+01
1.770156860351562500e+01
1.770265388488769531e+01
1.770376586914062500e+01
1.770488739013671875e+01
1.770602607727050781e+01
1.770718383789062500e+01
1.770835876464843750e+01
1.770954513549804688e+01
1.771075057983398438e+01
1.771197319030761719e+01
1.771320533752441406e+01
1.771445655822753906e+01
1.771572113037109375e+01
1.771700286865234375e+01
1.771829795837402344e+01
1.771960639953613281e+01
1.772092819213867188e+01
1.772226524353027344e+01
1.772361755371093750e+01
1.772497749328613281e+01
1.772635078430175781e+01
1.772773933410644531e+01
1.772914123535156250e+01
1.773055648803710938e+01
1.773198318481445312e+01
1.773342323303222656e+01
1.773486900329589844e+01
1.773633003234863281e+01
1.773780250549316406e+01
1.773928260803222656e+01
1.774077796936035156e+01
1.774227905273437500e+01
1.774379920959472656e+01
1.774532127380371094e+01
1.774686050415039062e+01
1.774840354919433594e+01
1.774995803833007812e+01
1.775152397155761719e+01
1.775309371948242188e+01
1.775467300415039062e+01
1.775626564025878906e+01
1.775786781311035156e+01
1.775947570800781250e+01
1.776109123229980469e+01
1.776271438598632812e+01
1.776434707641601562e+01
1.776597976684570312e+01
1.776762962341308594e+01
1.776928520202636719e+01
1.777094459533691406e+01
1.777260971069335938e+01
1.777428817749023438e+01
1.777596092224121094e+01
1.777764892578125000e+01
1.777934265136718750e+01
1.778104209899902344e+01
1.778274536132812500e+01
1.778445243835449219e+01
1.778616523742675781e+01
1.778788566589355469e+01
1.778961181640625000e+01
1.779133987426757812e+01
1.779307365417480469e+01
1.779481506347656250e+01
1.779655456542968750e+01
1.779829597473144531e+01
1.780004501342773438e+01
1.780180168151855469e+01
1.780355834960937500e+01
1.780531883239746094e+01
1.780707931518554688e+01
1.780884933471679688e+01
1.781061363220214844e+01
1.781238174438476562e+01
1.781415939331054688e+01
1.781593513488769531e+01
1.781771278381347656e+01
1.781949806213378906e+01
1.782127380371093750e+01
1.782305717468261719e+01
1.782484054565429688e+01
1.782663154602050781e+01
1.782841873168945312e+01
1.783020401000976562e+01
1.783199691772460938e+01
1.783378410339355469e+01
1.783557319641113281e+01
1.783736419677734375e+01
1.783915138244628906e+01
1.784093856811523438e+01
1.784273338317871094e+01
1.784452629089355469e+01
1.784631156921386719e+01
1.784810066223144531e+01
1.784988975524902344e+01
1.785168075561523438e+01
1.785346221923828125e+01
1.785524940490722656e+01
1.785703086853027344e+01
1.785881042480468750e+01
1.786059188842773438e+01
1.786236953735351562e+01
1.786414527893066406e+01
1.786592292785644531e+01
1.786769485473632812e+01
1.786945724487304688e+01
1.787122917175292969e+01
1.787299346923828125e+01
1.787475395202636719e+01
1.787651824951171875e+01
1.787827110290527344e+01
1.788002204895019531e+01
1.788177108764648438e+01
1.788352012634277344e+01
1.788525962829589844e+01
1.788699722290039062e+01
1.788873672485351562e+01
1.789046478271484375e+01
1.789219093322753906e+01
1.789391517639160156e+01
1.789562988281250000e+01
1.789734649658203125e+01
1.789905548095703125e+01
1.790075492858886719e+01
1.790245628356933594e+01
1.790415573120117188e+01
1.790583992004394531e+01
1.790752410888671875e+01
1.790920829772949219e+01
1.791087722778320312e+01
1.791254806518554688e+01
1.791421127319335938e+01
1.791586494445800781e+01
1.791751480102539062e+01
1.791915893554687500e+01
1.792079925537109375e+01
1.792243194580078125e+01
1.792405891418457031e+01
1.792567825317382812e+01
1.792729187011718750e+01
1.792889404296875000e+01
1.793049049377441406e+01
1.793208694458007812e+01
1.793367195129394531e+01
1.793524932861328125e+01
1.793682098388671875e+01
1.793838119506835938e+01
1.793994331359863281e+01
1.794149208068847656e+01
1.794303321838378906e+01
1.794456481933593750e+01
1.794609069824218750e+01
1.794760513305664062e+01
1.794912147521972656e+01
1.795062255859375000e+01
1.795211601257324219e+01
1.795360183715820312e+01
1.795507812500000000e+01
1.795654296875000000e+01
1.795800209045410156e+01
1.795945549011230469e+01
1.796090126037597656e+01
1.796232986450195312e+01
1.796375656127929688e+01
1.796517372131347656e+01
1.796657752990722656e+01
1.796797370910644531e+01
1.796936416625976562e+01
1.797074127197265625e+01
1.797211265563964844e+01
1.797346687316894531e+01
1.797482109069824219e+01
1.797616004943847656e+01
1.797749328613281250e+01
1.797881126403808594e+01
1.798012733459472656e+01
1.798141860961914062e+01
1.798271369934082031e+01
1.798399734497070312e+01
1.798526573181152344e+01
1.798652839660644531e+01
1.798777389526367188e+01
1.798901367187500000e+01
1.799024391174316406e+01
1.799145507812500000e+01
1.799266242980957031e+01
1.799385452270507812e+01
1.799504470825195312e+01
1.799621391296386719e+01
1.799738121032714844e+01
1.799853324890136719e+01
1.799967193603515625e+01
1.800080680847167969e+01
1.800192642211914062e+01
