0.000000000000000000e+00
1.762079773470759392e-05
1.049928541760891676e-04
3.300571988802403212e-04
7.586223073303699493e-04
1.454413984902203083e-03
2.479127142578363419e-03
3.892470616847276688e-03
5.752212833613157272e-03
8.114230819046497345e-03
1.103255338966846466e-02
1.455940864980220795e-02
1.874525845050811768e-02
2.363884821534156799e-02
2.928725257515907288e-02
3.573588654398918152e-02
4.302860796451568604e-02
5.120767280459403992e-02
6.031382083892822266e-02
7.038634270429611206e-02
8.146302402019500732e-02
9.358030557632446289e-02
1.067731902003288269e-01
1.210753321647644043e-01
1.365191489458084106e-01
1.531357020139694214e-01
1.709547936916351318e-01
1.900050640106201172e-01
2.103140205144882202e-01
2.319078147411346436e-01
2.548116445541381836e-01
2.790496349334716797e-01
3.046445846557617188e-01
3.316185474395751953e-01
3.599924743175506592e-01
3.897861242294311523e-01
4.210185110569000244e-01
4.537077546119689941e-01
4.878707528114318848e-01
5.235237479209899902e-01
5.606821179389953613e-01
5.993604063987731934e-01
6.395720243453979492e-01
6.813299059867858887e-01
7.246462702751159668e-01
7.695321440696716309e-01
8.159981369972229004e-01
8.640542626380920410e-01
9.137092828750610352e-01
9.649718999862670898e-01
1.017849922180175781e+00
1.072350144386291504e+00
1.128479242324829102e+00
1.186243176460266113e+00
1.245647072792053223e+00
1.306696057319641113e+00
1.369393587112426758e+00
1.433743476867675781e+00
1.499748826026916504e+00
1.567412137985229492e+00
1.636735439300537109e+00
1.707720637321472168e+00
1.780368089675903320e+00
1.854678630828857422e+00
1.930652379989624023e+00
2.008289337158203125e+00
2.087588548660278320e+00
2.168549060821533203e+00
2.251169681549072266e+00
2.335447788238525391e+00
2.421381235122680664e+00
2.508967638015747070e+00
2.598203897476196289e+00
2.689086675643920898e+00
2.781612873077392578e+00
2.875777482986450195e+00
2.971576690673828125e+00
3.069005966186523438e+00
3.168060541152954102e+00
3.268735170364379883e+00
3.371024608612060547e+00
3.474923133850097656e+00
3.580424070358276367e+00
3.687521696090698242e+00
3.796209812164306641e+00
3.906481504440307617e+00
4.018330097198486328e+00
4.131749153137207031e+00
4.246729850769042969e+00
4.363265514373779297e+00
4.481348514556884766e+00
4.600970745086669922e+00
4.722124576568603516e+00
4.844801902770996094e+00
4.968993663787841797e+00
5.094691276550292969e+00
5.221886634826660156e+00
5.350570678710937500e+00
5.480734348297119141e+00
5.612368583679199219e+00
5.745465278625488281e+00
5.880013465881347656e+00
6.016004085540771484e+00
6.153427600860595703e+00
6.292274951934814453e+00
6.432535648345947266e+00
6.574200153350830078e+00
6.717258453369140625e+00
6.861700534820556641e+00
7.007517814636230469e+00
7.154696464538574219e+00
7.303228378295898438e+00
7.453102111816406250e+00
7.604309082031250000e+00
7.756837844848632812e+00
7.910677433013916016e+00
8.065817832946777344e+00
8.222248077392578125e+00
8.379958152770996094e+00
8.538936614990234375e+00
8.699172019958496094e+00
8.860654830932617188e+00
9.023375511169433594e+00
9.187319755554199219e+00
9.352478027343750000e+00
9.518839836120605469e+00
9.686394691467285156e+00
9.855130195617675781e+00
1.002503776550292969e+01
1.019610309600830078e+01
1.036831760406494141e+01
1.054166889190673828e+01
1.071614646911621094e+01
1.089173984527587891e+01
1.106843757629394531e+01
1.124623012542724609e+01
1.142510414123535156e+01
1.160504817962646484e+01
1.178605270385742188e+01
1.196810626983642578e+01
1.215119743347167969e+01
1.233531570434570312e+01
1.252045059204101562e+01
1.270659065246582031e+01
1.289372444152832031e+01
1.308184242248535156e+01
1.327093219757080078e+01
1.346098327636718750e+01
1.365198802947998047e+01
1.384393024444580078e+01
1.403680133819580078e+01
1.423059082031250000e+01
1.442528724670410156e+01
1.462088108062744141e+01
1.481736087799072266e+01
1.501471614837646484e+01
1.521293640136718750e+01
1.541201114654541016e+01
1.561192893981933594e+01
1.581268024444580078e+01
1.601425552368164062e+01
1.621664428710937500e+01
1.641983222961425781e+01
1.662381172180175781e+01
1.682857131958007812e+01
1.703410339355468750e+01
1.724039649963378906e+01
1.744744110107421875e+01
1.765522384643554688e+01
1.786373710632324219e+01
1.807297134399414062e+01
1.828291702270507812e+01
1.849356269836425781e+01
1.870490074157714844e+01
1.891691589355468750e+01
1.912960433959960938e+01
1.934295272827148438e+01
1.955695343017578125e+01
1.977159500122070312e+01
1.998686790466308594e+01
2.020276451110839844e+01
2.041927337646484375e+01
2.063638687133789062e+01
2.085409545898437500e+01
2.107239151000976562e+01
2.129125976562500000e+01
2.151069641113281250e+01
2.173069000244140625e+01
2.195123291015625000e+01
2.217231369018554688e+01
2.239392471313476562e+01
2.261605453491210938e+01
2.283870315551757812e+01
2.306185150146484375e+01
2.328549575805664062e+01
2.350962829589843750e+01
2.373423385620117188e+01
2.395931243896484375e+01
2.418484878540039062e+01
2.441084289550781250e+01
2.463727569580078125e+01
2.486414337158203125e+01
2.509143829345703125e+01
2.531915283203125000e+01
2.554727554321289062e+01
2.577580261230468750e+01
2.600472640991210938e+01
2.623403167724609375e+01
2.646372032165527344e+01
2.669377708435058594e+01
2.692419624328613281e+01
2.715497207641601562e+01
2.738609504699707031e+01
2.761755752563476562e+01
2.784935188293457031e+01
2.808147048950195312e+01
2.831390380859375000e+01
2.854664993286132812e+01
2.877970314025878906e+01
2.901304626464843750e+01
2.924667739868164062e+01
2.948058891296386719e+01
2.971477317810058594e+01
2.994922447204589844e+01
3.018393135070800781e+01
3.041889381408691406e+01
3.065410232543945312e+01
3.088954925537109375e+01
3.112522888183593750e+01
3.136113357543945312e+01
3.159725761413574219e+01
3.183359336853027344e+01
3.207013702392578125e+01
3.230687713623046875e+01
3.254380798339843750e+01
3.278092956542968750e+01
3.301822662353515625e+01
3.325569915771484375e+01
3.349333953857421875e+01
3.373114395141601562e+01
3.396910095214843750e+01
3.420721054077148438e+01
3.444546127319335938e+01
3.468384933471679688e+01
3.492237472534179688e+01
3.516101837158203125e+01
3.539978408813476562e+01
3.563866424560546875e+01
3.587765884399414062e+01
3.611675262451171875e+01
3.635594177246093750e+01
3.659522628784179688e+01
3.683459472656250000e+01
3.707404708862304688e+01
3.731357574462890625e+01
3.755317687988281250e+01
3.779283905029296875e+01
3.803256225585937500e+01
3.827234649658203125e+01
3.851217651367187500e+01
3.875205612182617188e+01
3.899197387695312500e+01
3.923192596435546875e+01
3.947191619873046875e+01
3.971192550659179688e+01
3.995195770263671875e+01
4.019200897216796875e+01
4.043207550048828125e+01
4.067214202880859375e+01
4.091222381591796875e+01
4.115229797363281250e+01
4.139236450195312500e+01
4.163242340087890625e+01
4.187246704101562500e+01
4.211249542236328125e+01
4.235249328613281250e+01
4.259246826171875000e+01
4.283241271972656250e+01
4.307232666015625000e+01
4.331219482421875000e+01
4.355202484130859375e+01
4.379180145263671875e+01
4.403153228759765625e+01
4.427120971679687500e+01
4.451082611083984375e+01
4.475038146972656250e+01
4.498987579345703125e+01
4.522929382324218750e+01
4.546864318847656250e+01
4.570790863037109375e+01
4.594710540771484375e+01
4.618621063232421875e+01
4.642523193359375000e+01
4.666416168212890625e+01
4.690299987792968750e+01
4.714175415039062500e+01
4.738039398193359375e+01
4.761893463134765625e+01
4.785736846923828125e+01
4.809569549560546875e+01
4.833390808105468750e+01
4.857200622558593750e+01
4.880998229980468750e+01
4.904783630371093750e+01
4.928557586669921875e+01
4.952317810058593750e+01
4.976065826416015625e+01
4.999800872802734375e+01
5.023521423339843750e+01
5.047229003906250000e+01
5.070922088623046875e+01
5.094601440429687500e+01
5.118265533447265625e+01
5.141915893554687500e+01
5.165550231933593750e+01
5.189170074462890625e+01
5.212773895263671875e+01
5.236361694335937500e+01
5.259934234619140625e+01
5.283489990234375000e+01
5.307030105590820312e+01
5.330553817749023438e+01
5.354059982299804688e+01
5.377548980712890625e+01
5.401020812988281250e+01
5.424475097656250000e+01
5.447911834716796875e+01
5.471330642700195312e+01
5.494731521606445312e+01
5.518114089965820312e+01
5.541478347778320312e+01
5.564823532104492188e+01
5.588150405883789062e+01
5.611458206176757812e+01
5.634746932983398438e+01
5.658016204833984375e+01
5.681265640258789062e+01
5.704496002197265625e+01
5.727706527709960938e+01
5.750896835327148438e+01
5.774067306518554688e+01
5.797217941284179688e+01
5.820347595214843750e+01
5.843456649780273438e+01
5.866545486450195312e+01
5.889612960815429688e+01
5.912660598754882812e+01
5.935686492919921875e+01
5.958691024780273438e+01
5.981674575805664062e+01
6.004636764526367188e+01
6.027576828002929688e+01
6.050495529174804688e+01
6.073392868041992188e+01
6.096268081665039062e+01
6.119121170043945312e+01
6.141952133178710938e+01
6.164761352539062500e+01
6.187548065185546875e+01
6.210312271118164062e+01
6.233053970336914062e+01
6.255773544311523438e+01
6.278470230102539062e+01
6.301144027709960938e+01
6.323795318603515625e+01
6.346423721313476562e+01
6.369029235839843750e+01
6.391611862182617188e+01
6.414170837402343750e+01
6.436708068847656250e+01
6.459220886230468750e+01
6.481710815429687500e+01
6.504177093505859375e+01
6.526620483398437500e+01
6.549040222167968750e+01
6.571435546875000000e+01
6.593807983398437500e+01
6.616157531738281250e+01
6.638482666015625000e+01
6.660784149169921875e+01
6.683062744140625000e+01
6.705316162109375000e+01
6.727546691894531250e+01
6.749752807617187500e+01
6.771936035156250000e+01
6.794094848632812500e+01
6.816230010986328125e+01
6.838340759277343750e+01
6.860427856445312500e+01
6.882491302490234375e+01
6.904530334472656250e+01
6.926545715332031250e+01
6.948536682128906250e+01
6.970503234863281250e+01
6.992446899414062500e+01
7.014366149902343750e+01
7.036260986328125000e+01
7.058132171630859375e+01
7.079978942871093750e+01
7.101802062988281250e+01
7.123600769042968750e+01
7.145374298095703125e+01
7.167125701904296875e+01
7.188851928710937500e+01
7.210554504394531250e+01
7.232232666015625000e+01
7.253887176513671875e+01
7.275517272949218750e+01
7.297123718261718750e+01
7.318705749511718750e+01
7.340264892578125000e+01
7.361799621582031250e+01
7.383309936523437500e+01
7.404796600341796875e+01
7.426258850097656250e+01
7.447698211669921875e+01
7.469113159179687500e+01
7.490505218505859375e+01
7.511872100830078125e+01
7.533216094970703125e+01
7.554535675048828125e+01
7.575833129882812500e+01
7.597105407714843750e+01
7.618354797363281250e+01
7.639579772949218750e+01
7.660782623291015625e+01
7.681960296630859375e+01
7.703116607666015625e+01
7.724247741699218750e+01
7.745356750488281250e+01
7.766441345214843750e+01
7.787503814697265625e+01
7.808541870117187500e+01
7.829557800292968750e+01
7.850550079345703125e+01
7.871519470214843750e+01
7.892466735839843750e+01
7.913389587402343750e+01
7.934291076660156250e+01
7.955168151855468750e+01
7.976023101806640625e+01
7.996855163574218750e+01
8.017665100097656250e+01
8.038451385498046875e+01
8.059216308593750000e+01
8.079957580566406250e+01
8.100677490234375000e+01
8.121374511718750000e+01
8.142049407958984375e+01
8.162701416015625000e+01
8.183332061767578125e+01
8.203939819335937500e+01
8.224526977539062500e+01
8.245090484619140625e+01
8.265633392333984375e+01
8.286154174804687500e+01
8.306653594970703125e+01
8.327130126953125000e+01
8.347586059570312500e+01
8.368019866943359375e+01
8.388433074951171875e+01
8.408824157714843750e+01
8.429193878173828125e+01
8.449542999267578125e+01
8.469869995117187500e+01
8.490177154541015625e+01
8.510462188720703125e+01
8.530727386474609375e+01
8.550970458984375000e+01
8.571193695068359375e+01
8.591395568847656250e+01
8.611577606201171875e+01
8.631738281250000000e+01
8.651879119873046875e+01
8.671999359130859375e+01
8.692099761962890625e+01
8.712178802490234375e+01
8.732238769531250000e+01
8.752278137207031250e+01
8.772298431396484375e+01
8.792297363281250000e+01
8.812277984619140625e+01
8.832238006591796875e+01
8.852178955078125000e+01
8.872100067138671875e+01
8.892002105712890625e+01
8.911884307861328125e+01
8.931748199462890625e+01
8.951593017578125000e+01
8.971417236328125000e+01
8.991223144531250000e+01
9.011010742187500000e+01
9.030779266357421875e+01
9.050527954101562500e+01
9.070259857177734375e+01
9.089971923828125000e+01
9.109666442871093750e+01
9.129342651367187500e+01
9.149000549316406250e+01
9.168638610839843750e+01
9.188259887695312500e+01
9.207862854003906250e+01
9.227449035644531250e+01
9.247016143798828125e+01
9.266566467285156250e+01
9.286097717285156250e+01
9.305612945556640625e+01
9.325109863281250000e+01
9.344589996337890625e+01
9.364051818847656250e+01
9.383497619628906250e+01
9.402926635742187500e+01
9.422337341308593750e+01
9.441732788085937500e+01
9.461109924316406250e+01
9.480471801757812500e+01
9.499815368652343750e+01
9.519143676757812500e+01
9.538455200195312500e+01
9.557751464843750000e+01
9.577029418945312500e+01
9.596293640136718750e+01
9.615539550781250000e+01
9.634770965576171875e+01
9.653985595703125000e+01
9.673185729980468750e+01
9.692369079589843750e+01
9.711537933349609375e+01
9.730690002441406250e+01
9.749827575683593750e+01
9.768949890136718750e+01
9.788056945800781250e+01
9.807148742675781250e+01
9.826225280761718750e+01
9.845288085937500000e+01
9.864335632324218750e+01
9.883366394042968750e+01
9.902384948730468750e+01
9.921389770507812500e+01
9.940377807617187500e+01
9.959352111816406250e+01
9.978312683105468750e+01
9.997259521484375000e+01
1.001619110107421875e+02
1.003511047363281250e+02
1.005401458740234375e+02
1.007290496826171875e+02
1.009178161621093750e+02
1.011064605712890625e+02
1.012949523925781250e+02
1.014833221435546875e+02
1.016715545654296875e+02
1.018596572875976562e+02
1.020476226806640625e+02
1.022354583740234375e+02
1.024231719970703125e+02
1.026107559204101562e+02
1.027982025146484375e+02
1.029855346679687500e+02
1.031727294921875000e+02
1.033598175048828125e+02
1.035467681884765625e+02
1.037335968017578125e+02
1.039203033447265625e+02
1.041068878173828125e+02
1.042933654785156250e+02
1.044797058105468750e+02
1.046659393310546875e+02
1.048520507812500000e+02
1.050380477905273438e+02
1.052239227294921875e+02
1.054096908569335938e+02
1.055953369140625000e+02
1.057808837890625000e+02
1.059663009643554688e+02
1.061516189575195312e+02
1.063368225097656250e+02
1.065219192504882812e+02
1.067069015502929688e+02
1.068917846679687500e+02
1.070765533447265625e+02
1.072612228393554688e+02
1.074457778930664062e+02
1.076302413940429688e+02
1.078145904541015625e+02
1.079988403320312500e+02
1.081829910278320312e+02
1.083670425415039062e+02
1.085509872436523438e+02
1.087348403930664062e+02
1.089185943603515625e+02
1.091022491455078125e+02
1.092857971191406250e+02
1.094692535400390625e+02
1.096526260375976562e+02
1.098358917236328125e+02
1.100190811157226562e+02
1.102021636962890625e+02
1.103851623535156250e+02
1.105680618286132812e+02
1.107508850097656250e+02
1.109336013793945312e+02
1.111162414550781250e+02
1.112987899780273438e+02
1.114812545776367188e+02
1.116636276245117188e+02
1.118459243774414062e+02
1.120281295776367188e+02
1.122102661132812500e+02
1.123923034667968750e+02
1.125742645263671875e+02
1.127561416625976562e+02
1.129379425048828125e+02
1.131196594238281250e+02
1.133013076782226562e+02
1.134828720092773438e+02
1.136643524169921875e+02
1.138457717895507812e+02
1.140270919799804688e+02
1.142083587646484375e+02
1.143895339965820312e+02
1.145706558227539062e+02
1.147516860961914062e+02
1.149326553344726562e+02
1.151135406494140625e+02
1.152943725585937500e+02
1.154751205444335938e+02
1.156558151245117188e+02
1.158364257812500000e+02
1.160169830322265625e+02
1.161974563598632812e+02
1.163778839111328125e+02
1.165582275390625000e+02
1.167385177612304688e+02
1.169187393188476562e+02
1.170989074707031250e+02
1.172789993286132812e+02
1.174590377807617188e+02
1.176390151977539062e+02
1.178189315795898438e+02
1.179987945556640625e+02
1.181785888671875000e+02
1.183583374023437500e+02
1.185380096435546875e+02
1.187176361083984375e+02
1.188972015380859375e+02
1.190767211914062500e+02
1.192561645507812500e+02
1.194355773925781250e+02
1.196149291992187500e+02
1.197942199707031250e+02
1.199734649658203125e+02
1.201526641845703125e+02
1.203318023681640625e+02
1.205108947753906250e+02
1.206899261474609375e+02
1.208689270019531250e+02
1.210478668212890625e+02
1.212267761230468750e+02
1.214056243896484375e+02
1.215844268798828125e+02
1.217631835937500000e+02
1.219418945312500000e+02
1.221205596923828125e+02
1.222991790771484375e+02
1.224777679443359375e+02
1.226563110351562500e+02
1.228348083496093750e+02
1.230132598876953125e+02
1.231916656494140625e+02
1.233700408935546875e+02
1.235483703613281250e+02
1.237266540527343750e+02
1.239049224853515625e+02
1.240831298828125000e+02
1.242613067626953125e+02
1.244394531250000000e+02
1.246175689697265625e+02
1.247956237792968750e+02
1.249736633300781250e+02
1.251516571044921875e+02
1.253296356201171875e+02
1.255075531005859375e+02
1.256854705810546875e+02
1.258633270263671875e+02
1.260411682128906250e+02
1.262189636230468750e+02
1.263967437744140625e+02
1.265744781494140625e+02
1.267521972656250000e+02
1.269298706054687500e+02
1.271075286865234375e+02
1.272851715087890625e+02
1.274627685546875000e+02
1.276403350830078125e+02
1.278178863525390625e+02
1.279954071044921875e+02
1.281728973388671875e+02
1.283503570556640625e+02
1.285278015136718750e+02
1.287052307128906250e+02
1.288826141357421875e+02
1.290599975585937500e+02
1.292373352050781250e+02
1.294146728515625000e+02
1.295919647216796875e+02
1.297692565917968750e+02
1.299465179443359375e+02
1.301237640380859375e+02
1.303009796142578125e+02
1.304781951904296875e+02
1.306553649902343750e+02
1.308325347900390625e+02
1.310096893310546875e+02
1.311868133544921875e+02
1.313639221191406250e+02
1.315410308837890625e+02
1.317181091308593750e+02
1.318951721191406250e+02
1.320722198486328125e+02
1.322492523193359375e+02
1.324262695312500000e+02
1.326032714843750000e+02
1.327802734375000000e+02
1.329572448730468750e+02
1.331342163085937500e+02
1.333111572265625000e+02
1.334880981445312500e+02
1.336650238037109375e+02
1.338419494628906250e+02
1.340188446044921875e+02
1.341957550048828125e+02
1.343726348876953125e+02
1.345495147705078125e+02
1.347263641357421875e+02
1.349032287597656250e+02
1.350800781250000000e+02
1.352569274902343750e+02
1.354337463378906250e+02
1.356105804443359375e+02
1.357873992919921875e+02
1.359642028808593750e+02
1.361410064697265625e+02
1.363178100585937500e+02
1.364945983886718750e+02
1.366713867187500000e+02
1.368481750488281250e+02
1.370249481201171875e+02
1.372017211914062500e+02
1.373784790039062500e+02
1.375552520751953125e+02
1.377320098876953125e+02
1.379087677001953125e+02
1.380855102539062500e+02
1.382622680664062500e+02
1.384390258789062500e+02
1.386157836914062500e+02
1.387925109863281250e+02
1.389692687988281250e+02
1.391460113525390625e+02
1.393227539062500000e+02
1.394994964599609375e+02
1.396762390136718750e+02
1.398529968261718750e+02
1.400297393798828125e+02
1.402064819335937500e+02
1.403832397460937500e+02
1.405599670410156250e+02
1.407367248535156250e+02
1.409134826660156250e+02
1.410902404785156250e+02
1.412669982910156250e+02
1.414437561035156250e+02
1.416205291748046875e+02
1.417972869873046875e+02
1.419740600585937500e+02
1.421508331298828125e+02
1.423276214599609375e+02
1.425043945312500000e+02
1.426811828613281250e+02
1.428579711914062500e+02
1.430347747802734375e+02
1.432115783691406250e+02
1.433883972167968750e+02
1.435652160644531250e+02
1.437420349121093750e+02
1.439188537597656250e+02
1.440957031250000000e+02
1.442725219726562500e+02
1.444493865966796875e+02
1.446262359619140625e+02
1.448031005859375000e+02
1.449799652099609375e+02
1.451568603515625000e+02
1.453337402343750000e+02
1.455106353759765625e+02
1.456875457763671875e+02
1.458644409179687500e+02
1.460413818359375000e+02
1.462182922363281250e+02
1.463952484130859375e+02
1.465722045898437500e+02
1.467491455078125000e+02
1.469261169433593750e+02
1.471031188964843750e+02
1.472801055908203125e+02
1.474570922851562500e+02
1.476340942382812500e+02
1.478111267089843750e+02
1.479881591796875000e+02
1.481651916503906250e+02
1.483422546386718750e+02
1.485193176269531250e+02
1.486964111328125000e+02
1.488734741210937500e+02
1.490505828857421875e+02
1.492276916503906250e+02
1.494048309326171875e+02
1.495819549560546875e+02
1.497591094970703125e+02
1.499362792968750000e+02
1.501134643554687500e+02
1.502906494140625000e+02
1.504678344726562500e+02
1.506450500488281250e+02
1.508222961425781250e+02
1.509995422363281250e+02
1.511767730712890625e+02
1.513540496826171875e+02
1.515313415527343750e+02
1.517086486816406250e+02
1.518859405517578125e+02
1.520632934570312500e+02
1.522406311035156250e+02
1.524179992675781250e+02
1.525953521728515625e+02
1.527727355957031250e+02
1.529501342773437500e+02
1.531275634765625000e+02
1.533049774169921875e+02
1.534824218750000000e+02
1.536598968505859375e+02
1.538373718261718750e+02
1.540148620605468750e+02
1.541923675537109375e+02
1.543698883056640625e+02
1.545474243164062500e+02
1.547249908447265625e+02
1.549025573730468750e+02
1.550801391601562500e+02
1.552577514648437500e+02
1.554353637695312500e+02
1.556129913330078125e+02
1.557906494140625000e+02
1.559683227539062500e+02
1.561460113525390625e+02
1.563236999511718750e+02
1.565014190673828125e+02
1.566791534423828125e+02
1.568569030761718750e+02
1.570346679687500000e+02
1.572124633789062500e+02
1.573902587890625000e+02
1.575680847167968750e+02
1.577459106445312500e+02
1.579237670898437500e+02
1.581016235351562500e+02
1.582795257568359375e+02
1.584574127197265625e+02
1.586353454589843750e+02
1.588132934570312500e+02
1.589912414550781250e+02
1.591692199707031250e+02
1.593471984863281250e+02
1.595252075195312500e+02
1.597032470703125000e+02
1.598812866210937500e+02
1.600593414306640625e+02
1.602374267578125000e+02
1.604155273437500000e+02
1.605936584472656250e+02
1.607717590332031250e+02
1.609499206542968750e+02
1.611281127929687500e+02
1.613062896728515625e+02
1.614844665527343750e+02
1.616627197265625000e+02
1.618409423828125000e+02
1.620192108154296875e+02
1.621974792480468750e+02
1.623757629394531250e+02
1.625540771484375000e+02
1.627324218750000000e+02
1.629107513427734375e+02
1.630891113281250000e+02
1.632675170898437500e+02
1.634459228515625000e+02
1.636243286132812500e+02
1.638027648925781250e+02
1.639812316894531250e+02
1.641596984863281250e+02
1.643381958007812500e+02
1.645166931152343750e+02
1.646952209472656250e+02
1.648737487792968750e+02
1.650523376464843750e+02
1.652308959960937500e+02
1.654094848632812500e+02
1.655881042480468750e+02
1.657667541503906250e+02
1.659453735351562500e+02
1.661240539550781250e+02
1.663027496337890625e+02
1.664814453125000000e+02
1.666601562500000000e+02
1.668388977050781250e+02
1.670176696777343750e+02
1.671964416503906250e+02
1.673752136230468750e+02
1.675540466308593750e+02
1.677328796386718750e+02
1.679117126464843750e+02
1.680905761718750000e+02
1.682694396972656250e+02
1.684483489990234375e+02
1.686272583007812500e+02
1.688062133789062500e+02
1.689851379394531250e+02
1.691641082763671875e+02
1.693430938720703125e+02
1.695220947265625000e+02
1.697010955810546875e+02
1.698801269531250000e+02
1.700591888427734375e+02
1.702382507324218750e+02
1.704173278808593750e+02
1.705964355468750000e+02
1.707755432128906250e+02
1.709546813964843750e+02
1.711338195800781250e+02
1.713130035400390625e+02
1.714921875000000000e+02
1.716713867187500000e+02
1.718505859375000000e+02
1.720298309326171875e+02
1.722090911865234375e+02
1.723883666992187500e+02
1.725676269531250000e+02
1.727469329833984375e+02
1.729262390136718750e+02
1.731055755615234375e+02
1.732849273681640625e+02
1.734642791748046875e+02
1.736436462402343750e+02
1.738230590820312500e+02
1.740024719238281250e+02
1.741818695068359375e+02
1.743613128662109375e+02
1.745407714843750000e+02
1.747202453613281250e+02
1.748997039794921875e+02
1.750792083740234375e+02
1.752587280273437500e+02
1.754382629394531250e+02
1.756177978515625000e+02
1.757973480224609375e+02
1.759769287109375000e+02
1.761565246582031250e+02
1.763361053466796875e+02
1.765157318115234375e+02
1.766953582763671875e+02
1.768750152587890625e+02
1.770546569824218750e+02
1.772343292236328125e+02
1.774140319824218750e+02
1.775937347412109375e+02
1.777734527587890625e+02
1.779531707763671875e+02
1.781329193115234375e+02
1.783126678466796875e+02
1.784924468994140625e+02
1.786722106933593750e+02
1.788520050048828125e+02
1.790318298339843750e+02
1.792116546630859375e+02
1.793914642333984375e+02
1.795713195800781250e+02
1.797511901855468750e+02
1.799310607910156250e+02
1.801109313964843750e+02
1.802908325195312500e+02
1.804707336425781250e+02
1.806506652832031250e+02
1.808305816650390625e+02
1.810105285644531250e+02
1.811904907226562500e+02
1.813704528808593750e+02
1.815504150390625000e+02
1.817304229736328125e+02
1.819104309082031250e+02
1.820904541015625000e+02
