5.189732987119252128e-01
5.177652758673886302e-01
5.164793483401449725e-01
5.151157295078221399e-01
5.136746696992066097e-01
5.121564554947333203e-01
5.105614090081468381e-01
5.088898871532180346e-01
5.071422808992460673e-01
5.053190145189309090e-01
5.034205448320306919e-01
5.014473604480553792e-01
4.993999810110751891e-01
4.972789564495441739e-01
4.950848662338649397e-01
4.928183186442402497e-01
4.904799500511832222e-01
4.880704242108794277e-01
4.855904315774264846e-01
4.830406886338065031e-01
4.804219372432851909e-01
4.777349440227766086e-01
4.749804997395589701e-01
4.721594187325927616e-01
4.692725383595491295e-01
4.663207184705415176e-01
4.633048409094324693e-01
4.602258090434856452e-01
4.570845473220390698e-01
4.538820008647934112e-01
4.506191350802357665e-01
4.472969353146654115e-01
4.439164065322366848e-01
4.404785730264061949e-01
4.369844781631478936e-01
4.334351841562958385e-01
4.298317718753857375e-01
4.261753406863838523e-01
4.224670083257391351e-01
4.187079108082416568e-01
4.148992023692484876e-01
4.110420554419220718e-01
4.071376606702368783e-01
4.031872269586305735e-01
3.991919815593259480e-01
3.951531701985085410e-01
3.910720572427378028e-01
3.869499259071702002e-01
3.827880785074119219e-01
3.785878367570696401e-01
3.743505421133542788e-01
3.700775561734007679e-01
3.657702611243057178e-01
3.614300602502578674e-01
3.570583785005384536e-01
3.526566631226016879e-01
3.482263843649284762e-01
3.437690362548526113e-01
3.392861374571162769e-01
3.347792322195081161e-01
3.302498914125818752e-01
3.256997136711394236e-01
3.211303266459072936e-01
3.165433883746203714e-01
3.119405887825701940e-01
3.073236513235704237e-01
3.026943347732308220e-01
2.980544351874308551e-01
2.934057880399176255e-01
2.887502705540292425e-01
2.840898042446552973e-01
2.794263576876596655e-01
2.747619495351176222e-01
2.700986517958040012e-01
2.654385934014018011e-01
2.607839640798240155e-01
2.561370185578076275e-01
2.515000811154668448e-01
2.468755505157002039e-01
2.422659053311109201e-01
2.376737096902731550e-01
2.331016194635908700e-01
2.285523889064072500e-01
2.240288777731735403e-01
2.195340589110292007e-01
2.150710263336830241e-01
2.106430037665275867e-01
2.062533536408970025e-01
2.019055864986154802e-01
1.976033707467195477e-01
1.933505426755814938e-01
1.891511166206792660e-01
1.850092951079058134e-01
1.809294787735658550e-01
1.769162757920842988e-01
1.729745104761478136e-01
1.691092306350536201e-01
1.653257131875394415e-01
1.616294674262867270e-01
1.580262352248104629e-01
1.545219873674584243e-01
1.511229150758131301e-01
1.478354157086815279e-01
1.446660715399777364e-01
1.416216204844461535e-01
1.387089176638626742e-01
1.359348868071824368e-01
1.333064606791282691e-01
1.308305100534127574e-01
1.285137612043032174e-01
1.263627024886456729e-01
1.243834813194602262e-01
1.225817936611309361e-01
1.209627690507049519e-01
1.195308549917572655e-01
1.182897052794843612e-01
1.172420772921231591e-01
1.163897434251048579e-01
1.157334215765516428e-01
1.152727288853287180e-01
1.150061618019630333e-01
1.149311041245599518e-01
1.150438629944376123e-01
1.153397311897307043e-01
1.158130725547597273e-01
1.164574262098607010e-01
1.172656244048271290e-01
1.182299185531249519e-01
1.193421080966685088e-01
1.205936673347010463e-01
1.219758661048093440e-01
1.234798811160228993e-01
1.250968956951264144e-01
1.268181866276815173e-01
1.286351975898542832e-01
1.305395993374708075e-01
1.325233373299594675e-01
1.345786678226739697e-01
1.366981836777492743e-01
1.388748312443199018e-01
1.411019196692197830e-01
1.433731239439722527e-01
1.456824828949191408e-01
1.480243931988737549e-01
1.503936003708448710e-01
1.527851875334795551e-01
1.551945626469971584e-01
1.576174447579379301e-01
1.600498497174086265e-01
1.624880757255726671e-01
1.649286889787787980e-01
1.673685096281662121e-01
1.698045982026789025e-01
1.722342426038258045e-01
1.746549457428624719e-01
1.770644138620209307e-01
1.794605455587427456e-01
1.818414215144809887e-01
1.842052949165631226e-01
1.865505825520205885e-01
1.888758565454978222e-01
1.911798367087560735e-01
1.934613834664192789e-01
1.957194913210547615e-01
1.979532828201439054e-01
2.001620029876934603e-01
2.023450141839891192e-01
2.045017913581134716e-01
2.066319176592310292e-01
2.087350803741785943e-01
2.108110671605132047e-01
2.128597625458155396e-01
2.148811446656668511e-01
2.168752822143057146e-01
2.188423315834752136e-01
2.207825341664160779e-01
2.226962138053014961e-01
2.245837743616751203e-01
2.264456973906167070e-01
2.282825399004486944e-01
2.300949321807937709e-01
2.318835756827240524e-01
2.336492409355963862e-01
2.353927654859733765e-01
2.371150518447726896e-01
2.388170654295010409e-01
2.404998324890994799e-01
2.421644379995855356e-01
2.438120235193170504e-01
2.454437849933384375e-01
2.470609704969192189e-01
2.486648779090487871e-01
2.502568525073360917e-01
2.518382844764721074e-01
2.534106063231678085e-01
2.549752901912699654e-01
2.565338450716047602e-01
2.580878139019933681e-01
2.596387705538412138e-01
2.611883167027120312e-01
2.627380785813741571e-01
2.642897036149316481e-01
2.658448569388410232e-01
2.674052178018497816e-01
2.689724758571724328e-01
2.705483273465363325e-01
2.721344711830745444e-01
2.737326049404033013e-01
2.753444207565814983e-01
2.769716011630035113e-01
2.786158148495970766e-01
2.802787123789833301e-01
2.819619218634666913e-01
2.836670446198723550e-01
2.853956508182849405e-01
2.871492751416752087e-01
2.889294124741997871e-01
2.907375136366113777e-01
2.925749811877079720e-01
2.944431653110696212e-01
2.963433598064669772e-01
2.982767982052743627e-01
3.002446500289673859e-01
3.022480172093495732e-01
3.042879306885064583e-01
3.063653472156666058e-01
3.084811463571364709e-01
3.106361277343048233e-01
3.128310085033782495e-01
3.150664210890416483e-01
3.173429111826490678e-01
3.196609360138656930e-01
3.220208629029179259e-01
3.244229680987956721e-01
3.268674359069095869e-01
3.293543581078553495e-01
3.318837336671099369e-01
3.344554687336924181e-01
3.370693769240940552e-01
3.397251798861303240e-01
3.424225081358138745e-01
3.451609021588984971e-01
3.479398137674270530e-01
3.507586077004141156e-01
3.536165634567458582e-01
3.565128773474620649e-01
3.594466647538074877e-01
3.624169625768203784e-01
3.654227318637215949e-01
3.684628605960196812e-01
3.715361666240128424e-01
3.746414007322623196e-01
3.777772498206093399e-01
3.809423401854203362e-01
3.841352408859353695e-01
3.873544671808762385e-01
3.905984840208267528e-01
3.938657095823046572e-01
3.971545188299185902e-01
4.004632470935096111e-01
4.037901936477244491e-01
4.071336252820397239e-01
4.104917798498529669e-01
4.138628697858594552e-01
4.172450855815527659e-01
4.206365992093092365e-01
4.240355674861306934e-01
4.274401353687435345e-01
4.308484391723576001e-01
4.342586097059947248e-01
4.376687753178877260e-01
4.410770648450337839e-01
4.444816104615596508e-01
4.478805504211101907e-01
4.512720316890259098e-01
4.546542124606027802e-01
4.580252645622594487e-01
4.613833757329404150e-01
4.647267517835892425e-01
4.680536186330130355e-01
4.713622242189352551e-01
4.746508402835015183e-01
4.779177640329572152e-01
4.811613196716593710e-01
4.843798598110150566e-01
4.875717667543584821e-01
4.907354536591877481e-01
4.938693655785677539e-01
4.969719803838953398e-01
5.000418095715737365e-01
5.030773989565028304e-01
5.060773292556124403e-01
5.090402165649855482e-01
5.119647127344078008e-01
5.148495056434551076e-01
5.176933193834803992e-01
5.204949143500960940e-01
5.232530872509519870e-01
5.259666710337894679e-01
5.286345347399190597e-01
5.312555832883940621e-01
5.338287571962648803e-01
5.363530322403778916e-01
5.388274190662412089e-01
5.412509627495032394e-01
5.436227423155969296e-01
5.459418702230787179e-01
5.482074918161369270e-01
5.504187847516800458e-01
5.525749584063063269e-01
5.546752532683451031e-01
5.567189403200105691e-01
5.587053204145475682e-01
5.606337236530649637e-01
5.625035087655581023e-01
5.643140625003912891e-01
5.660647990262983598e-01
5.677551593507015326e-01
5.693846107579044746e-01
5.709526462704528349e-01
5.724587841366822749e-01
5.739025673472093469e-01
5.752835631828415730e-01
5.766013627961112942e-01
5.778555808283601936e-01
5.790458550640417146e-01
5.801718461236347046e-01
5.812332371963131461e-01
5.822297338132665923e-01
5.831610636623293376e-01
5.840269764443531963e-01
5.848272437715472671e-01
5.855616591078061095e-01
5.862300377508761207e-01
5.868322168560328178e-01
5.873680555008012893e-01
5.878374347901149655e-01
5.882402580011978355e-01
5.885764507673508783e-01
5.888459612997554160e-01
5.890487606463363779e-01
5.891848429866809456e-01
5.892542259619912848e-01
5.892569510390247567e-01
5.891930839069866588e-01
5.890627149063526469e-01
5.888659594886288540e-01
5.886029587061027968e-01
5.882738797306851231e-01
5.878789164010125301e-01
5.874182897970442463e-01
5.868922488414711758e-01
5.863010709273323018e-01
5.856450625713222058e-01
5.849245600923662636e-01
5.841399303151206812e-01
5.832915712981534551e-01
5.823799130866418317e-01
5.814054184895034449e-01
5.803685838809586883e-01
5.792699400265838294e-01
5.781100529339795457e-01
5.768895247282217476e-01
5.756089945523004126e-01
5.742691394927684767e-01
5.728706755308358156e-01
5.714143585191143737e-01
5.699009851842060659e-01
5.683313941552520232e-01
5.667064670184944752e-01
5.650271293977929821e-01
5.632943520609053900e-01
5.615091520511857892e-01
5.596725938441512449e-01
5.577857905281508044e-01
5.558499050081004977e-01
5.538661512309497326e-01
5.518357954312027580e-01
5.497601573944319586e-01
5.476406117362921933e-01
5.454785891940618914e-01
5.432755779272184782e-01
5.410331248229596213e-01
5.387528368019676162e-01
5.364363821189961357e-01
5.340854916521362572e-01
5.317019601737863477e-01
5.292876475954897408e-01
5.268444801778751074e-01
5.243744516959290003e-01
5.218796245487888896e-01
5.193621308021225680e-01
5.168241731499968461e-01
5.142680257819171041e-01
5.116960351394546080e-01
5.091106205455739886e-01
5.065142746884460090e-01
5.039095639401797166e-01
5.012991284895624844e-01
4.986856822665658440e-01
4.960720126350765535e-01
4.934609798290796046e-01
4.908555161063780647e-01
4.882586245929048108e-01
4.856733777898138982e-01
4.831029157148655773e-01
4.805504436491805365e-01
4.780192294602862990e-01
4.755126004725639954e-01
4.730339398567656728e-01
4.705866825112894891e-01
4.681743104093965546e-01
4.658003473886120904e-01
4.634683533612072859e-01
4.611819179279582070e-01
4.589446533813760221e-01
4.567601870893142069e-01
4.546321532553139755e-01
4.525641840582634856e-01
4.505599001808777149e-01
4.486229007441742134e-01
4.467567526734110839e-01
4.449649795298504240e-01
4.432510498520565445e-01
4.416183650601421817e-01
4.400702469862505239e-01
4.386099251044409675e-01
4.372405235428050707e-01
4.359650479698706227e-01
4.347863724558804210e-01
4.337072264171379921e-01
4.327301817580183618e-01
4.318576403302074596e-01
4.310918218320413664e-01
4.304347522722468122e-01
4.298882531217845249e-01
4.294539312747495674e-01
4.291331699343133299e-01
4.289271205325058123e-01
4.288366957832869253e-01
4.288625639569779713e-01
4.290051444508823364e-01
4.292646047161122191e-01
4.296408585845049033e-01
4.301335660224447355e-01
4.307421343207645248e-01
4.314657207120754512e-01
4.323032363892721497e-01
4.332533518819681184e-01
4.343145037315988000e-01
4.354849023912068517e-01
4.367625412627930137e-01
4.381452067737899858e-01
4.396304893848625994e-01
4.412157954139749316e-01
4.428983595565099129e-01
4.446752579781917958e-01
4.465434218565426661e-01
4.484996512475128982e-01
4.505406291565804411e-01
4.526629356978281171e-01
4.548630622300894322e-01
4.571374253659488129e-01
4.594823807569948237e-01
4.618942365669982952e-01
4.643692665534430719e-01
4.669037226868423263e-01
4.694938472463726642e-01
4.721358843393755889e-01
4.748260908010891734e-01
4.775607464394587831e-01
4.803361635979476740e-01
4.831486960168683842e-01
4.859947469808179599e-01
4.888707767463066900e-01
4.917733092496109903e-01
4.946989381002394048e-01
4.976443318702024610e-01
5.006062386935321573e-01
5.035814901942263777e-01
5.065670047640421503e-01
5.095597902143398361e-01
5.125569458285432756e-01
5.155556638437376327e-01
5.185532303915465491e-01
5.215470259296932642e-01
5.245345251966445632e-01
5.275132967224389624e-01
5.304810019292707235e-01
5.334353938556444241e-01
5.363743155379542271e-01
5.392956980832057656e-01
5.421975584662844794e-01
5.450779970847170475e-01
5.479351951032673806e-01
5.507674116199789971e-01
5.535729806844255085e-01
5.563503081979704890e-01
5.590978687247785128e-01
5.618142022411648506e-01
5.644979108496328557e-01
5.671476554826331284e-01
5.697621526196945396e-01
5.723401710401271325e-01
5.748805286320003427e-01
5.773820892765539892e-01
5.798437598256099834e-01
5.822644871879533168e-01
5.846432555390043140e-01
5.869790836664793288e-01
5.892710224630731686e-01
5.915181525755810465e-01
5.937195822182407268e-01
5.958744451564932376e-01
5.979818988657936707e-01
6.000411228685945675e-01
6.020513172511505751e-01
6.040117013603978346e-01
6.059215126798176421e-01
6.077800058819267104e-01
6.095864520538613052e-01
6.113401380914105232e-01
6.130403662558543409e-01
6.146864538870382422e-01
6.162777332653036622e-01
6.178135516141678441e-01
6.192932712350267543e-01
6.207162697646408933e-01
6.220819405457373996e-01
6.233896931007446574e-01
6.246389536984527924e-01
6.258291660032663239e-01
6.269597917966698297e-01
6.280303117605819940e-01
6.290402263124038607e-01
6.299890564817658412e-01
6.308763448192623580e-01
6.317016563278041730e-01
6.324645794076126926e-01
6.331647268063407274e-01
6.338017365662921287e-01
6.343752729612580632e-01
6.348850274160436902e-01
6.353307194023611881e-01
6.357120973053626001e-01
6.360289392557216814e-01
6.362810539227881090e-01
6.364682812649724575e-01
6.365904932341431843e-01
6.366475944314163860e-01
6.366395227123338163e-01
6.365662497399825481e-01
6.364277814851725390e-01
6.362241586733115017e-01
6.359554571781101950e-01
6.356217883627223175e-01
6.352232993693356367e-01
6.347601733586445416e-01
6.342326297009744929e-01
6.336409241211472532e-01
6.329853487994617778e-01
6.322662324313946813e-01
6.314839402488290343e-01
6.306388740057816689e-01
6.297314719317169684e-01
6.287622086556290402e-01
6.277315951041153586e-01
6.266401783766859523e-01
6.254885416015296684e-01
6.242773037749099752e-01
6.230071195872803891e-01
6.216786792390978089e-01
6.202927082491759281e-01
6.188499672582526978e-01
6.173512518302614049e-01
6.157973922535847633e-01
6.141892533443299440e-01
6.125277342534209968e-01
6.108137682790313328e-01
6.090483226855867294e-01
6.072323985302773286e-01
6.053670304976872529e-01
6.034532867428366032e-01
6.014922687425712233e-01
5.994851111548999967e-01
5.974329816855097341e-01
5.953370809603167890e-01
5.931986424025406102e-01
5.910189321123978656e-01
5.887992487471312986e-01
5.865409233986850213e-01
5.842453194659495974e-01
5.819138325181015814e-01
5.795478901451528442e-01
5.771489517914422107e-01
5.747185085673969240e-01
5.722580830345003200e-01
5.697692289580227332e-01
5.672535310216945126e-01
5.647126044981350956e-01
5.621480948685032564e-01
5.595616773845017988e-01
5.569550565655546626e-01
5.543299656236925221e-01
5.516881658084242801e-01
5.490314456636404827e-01
5.463616201884207157e-01
5.436805298934718200e-01
5.409900397448261788e-01
5.382920379864079008e-01
5.355884348330923750e-01
5.328811610259912568e-01
5.301721662418646952e-01
5.274634173488277344e-01
5.247568965008658770e-01
5.220545990641279888e-01
5.193585313685168403e-01
5.166707082787735938e-01
5.139931505800318101e-01
5.113278821737373692e-01
5.086769270808656485e-01
5.060423062505410297e-01
5.034260341734760891e-01
5.008301153010832341e-01
4.982565402726914505e-01
4.957072819550010778e-01
4.931842912997345674e-01
4.906894930273864031e-01
4.882247811470089571e-01
4.857920143241019617e-01
4.833930111108699079e-01
4.810295450553516705e-01
4.787033397081922881e-01
4.764160635480859662e-01
4.741693248491411494e-01
4.719646665155703968e-01
4.698035609111561040e-01
4.676874047128486422e-01
4.656175138195732255e-01
4.635951183488267735e-01
4.616213577548989311e-01
4.596972761034865962e-01
4.578238175381103003e-01
4.560018219739912504e-01
4.542320210549239401e-01
4.525150344081473874e-01
4.508513662312564896e-01
4.492414022438014354e-01
4.476854070344044589e-01
4.461835218319598617e-01
4.447357627268319624e-01
4.433420193649098562e-01
4.420020541339674813e-01
4.407155018580705685e-01
4.394818700117676946e-01
4.383005394616136807e-01
4.371707657382014056e-01
4.360916808374357689e-01
4.350622955452878582e-01
4.340815022758304220e-01
4.331480784080092850e-01
4.322606901024133585e-01
4.314178965753671102e-01
4.306181548039791918e-01
4.298598246324358829e-01
4.291411742468561608e-01
4.284603859834388295e-01
4.278155624325044037e-01
4.272047327993259702e-01
4.266258594814115179e-01
4.260768448211187387e-01
4.255555379921505121e-01
4.250597419785862585e-01
4.245872206056151565e-01
4.241357055820471622e-01
4.237029035159353141e-01
4.232865028662150531e-01
4.228841807951253529e-01
4.224936098882759450e-01
4.221124647115115924e-01
4.217384281761870635e-01
4.213691976870242994e-01
4.210024910493835870e-01
4.206360521154599019e-01
4.202676561516225928e-01
4.198951149117870485e-01
4.195162814043346122e-01
4.191290543426505755e-01
4.187313822717996237e-01
4.183212673662036751e-01
4.178967688954066118e-01
4.174560063570764146e-01
4.169971622783388843e-01
4.165184846883029368e-01
4.160182892662688259e-01
4.154949611715873514e-01
4.149469565624332446e-01
4.143728038119420254e-01
4.137711044311654374e-01
4.131405337091822449e-01
4.124798410814507488e-01
4.117878502380911687e-01
4.110634589843052966e-01
4.103056388655123565e-01
4.095134345700722767e-01
4.086859631226600342e-01
4.078224128814590399e-01
4.069220423523718932e-01
4.059841788334078716e-01
4.050082169023063727e-01
4.039936167602973804e-01
4.029399024447049005e-01
4.018466599228506242e-01
4.007135350794444051e-01
3.995402316093411010e-01
3.983265088272163745e-01
3.970721794053672093e-01
3.957771070504818023e-01
3.944412041298538396e-01
3.930644292571351395e-01
3.916467848473406677e-01
3.901883146504340760e-01
3.886891012724367211e-01
3.871492636926254782e-01
3.855689547850029153e-01
3.839483588518541324e-01
3.822876891768334229e-01
3.805871856046684765e-01
3.788471121542132392e-01
3.770677546712311590e-01
3.752494185269589777e-01
3.733924263681599465e-01
3.714971159240521570e-01
3.695638378751799902e-01
3.675929537889747745e-01
3.655848341264508750e-01
3.635398563241661885e-01
3.614584029552845856e-01
3.593408599732715869e-01
3.571876150414632356e-01
3.549990559514489274e-01
3.527755691329191867e-01
3.505175382573376131e-01
3.482253429374971287e-01
3.458993575247396035e-01
3.435399500053153421e-01
3.411474809970744815e-01
3.387223028473838604e-01
3.362647588328744885e-01
3.337751824613303109e-01
3.312538968757352542e-01
3.287012143602060510e-01
3.261174359472478468e-01
3.235028511254799399e-01
3.208577376466941744e-01
3.181823614308266213e-01
3.154769765671446846e-01
3.127418254096768768e-01
3.099771387646507725e-01
3.071831361674393635e-01
3.043600262462677342e-01
3.015080071696902286e-01
2.986272671746094676e-01
2.957179851713986340e-01
2.927803314224653453e-01
2.898144682904110758e-01
2.868205510517469747e-01
2.837987287719661578e-01
2.807491452376119079e-01
2.776719399408522082e-01
2.745672491119349190e-01
2.714352067948102576e-01
2.682759459611018804e-01
2.650895996575472480e-01
2.618763021819665027e-01
2.586361902827893355e-01
2.553694043771336242e-01
2.520760897824448898e-01
2.487563979567014305e-01
2.454104877422278452e-01
2.420385266081987730e-01
2.386406918869779792e-01
2.352171719995076460e-01
2.317681676650553135e-01
2.282938930907270347e-01
2.247945771362652168e-01
2.212704644497891504e-01
2.177218165702652364e-01
2.141489129926543167e-01
2.105520521918468613e-01
2.069315526016685669e-01
2.032877535454368778e-01
1.996210161147406459e-01
1.959317239933327515e-01
1.922202842232555164e-01
1.884871279105552466e-01
1.847327108682050578e-01
1.809575141941342780e-01
1.771620447825577871e-01
1.733468357671320570e-01
1.695124468948158714e-01
1.656594648297110006e-01
1.617885033866036659e-01
1.579002036944160692e-01
1.539952342903629923e-01
1.500742911462510376e-01
1.461380976291473954e-01
1.421874043995461911e-01
1.382229892512816805e-01
1.342456568987691612e-01
1.302562387188141158e-01
1.262555924563038001e-01
1.222446019057049776e-01
1.182241765836386932e-01
1.141952514121265944e-01
1.101587864377690240e-01
1.061157666196186761e-01
1.020672017285747246e-01
9.801412641477283416e-02
9.395760051822214798e-02
8.989870972407026928e-02
8.583856670080415585e-02
8.177831291259883562e-02
7.771912137406862542e-02
7.366220072975555866e-02
6.960880121276823151e-02
6.556022330177867230e-02
6.151783031209082098e-02
5.748306682771123222e-02
5.345748599251275851e-02
4.944279057416803985e-02
4.544089605956491001e-02
4.145403017405768081e-02
3.748489496830710588e-02
3.353694130031689702e-02
2.961485617590851188e-02
2.572547946926509801e-02
2.187965553187616943e-02
1.809631993815212850e-02
1.441258166298199812e-02
1.091224804003376042e-02
7.818789040315195227e-03
5.784241272927702002e-03
5.965717225284153900e-03
8.188236663232059329e-03
1.128379870256016222e-02
1.469333207141799991e-02
1.822666447905745002e-02
2.181084482452564852e-02
2.541299432314991086e-02
2.901621544549887882e-02
3.261088596319148408e-02
3.619106324475108299e-02
3.975283017642610578e-02
4.329346589163838438e-02
4.681100010787388882e-02
5.030395957876755697e-02
5.377121683014864095e-02
5.721189621289747562e-02
6.062531349374292861e-02
6.401093580562550178e-02
6.736835435189028609e-02
7.069726531673031777e-02
7.399745617692084221e-02
7.726879563644178939e-02
8.051122602849114518e-02
8.372475741753100664e-02
8.690946288174536405e-02
9.006547461790403997e-02
9.319298061819725199e-02
9.629222174155031844e-02
9.936348905226354000e-02
1.024071213341222336e-01
1.054235027132863767e-01
1.084130603414632799e-01
1.113762621042357903e-01
1.143136143293666251e-01
1.172256594774341854e-01
1.201129738029113186e-01
1.229761649782899480e-01
1.258158696773813423e-01
1.286327511167378868e-01
1.314274965564213582e-01
1.342008147631842396e-01
1.369534334406647125e-01
1.396860966324360576e-01
1.423995621048053384e-01
1.450945987170933205e-01
1.477719837878382625e-01
1.504325004659154141e-01
1.530769351160075897e-01
1.557060747281758528e-01
1.583207043615009468e-01
1.609216046318778515e-01
1.635095492540752926e-01
1.660853026480883510e-01
1.686496176196780605e-01
1.712032331247320960e-01
1.737468721267763083e-01
1.762812395565677148e-01
1.788070203822330895e-01
1.813248777978887227e-01
1.838354515380775933e-01
1.863393563247102702e-01
1.888371804524954789e-01
1.913294845180922299e-01
1.938168002974358650e-01
1.962996297748661467e-01
1.987784443268429402e-01
2.012536840621742540e-01
2.037257573198074101e-01
2.061950403243496821e-01
2.086618769986209598e-01
2.111265789316634500e-01
2.135894254997893205e-01
2.160506641374073111e-01
2.185105107535799118e-01
2.209691502894789716e-01
2.234267374111769955e-01
2.258833973315184651e-01
2.283392267541647924e-01
2.307942949322991100e-01
2.332486448339317342e-01
2.357022944052362678e-01
2.381552379229066319e-01
2.406074474261249152e-01
2.430588742183927287e-01
2.455094504291916446e-01
2.479590906252096272e-01
2.504076934606939697e-01
2.528551433563634987e-01
2.553013121962507403e-01
2.577460610318101919e-01
2.601892417826749959e-01
2.626306989235023259e-01
2.650702711464900663e-01
2.675077929893041051e-01
2.699430964183687220e-01
2.723760123577323444e-01
2.748063721540127680e-01
2.772340089682543973e-01
2.796587590859144767e-01
2.820804631365858017e-01
2.844989672155238125e-01
2.869141238995081000e-01
2.893257931500901603e-01
2.917338430978108632e-01
2.941381507015469188e-01
2.965386022777483088e-01
2.989350938949533742e-01
3.013275316296259998e-01
3.037158316800375180e-01
3.060999203356261078e-01
3.084797337999825029e-01
3.108552178663688825e-01
3.132263274454303859e-01
3.155930259455470011e-01
3.179552845070614531e-01
3.203130810924216254e-01
3.226663994350867370e-01
3.250152278508575132e-01
3.273595579161033831e-01
3.296993830181680907e-01
3.320346967840330787e-01
3.343654913941025431e-01
3.366917557887440515e-01
3.390134737759600836e-01
3.413306220492788312e-01
3.436431681256407744e-01
3.459510682136913706e-01
3.482542650234903281e-01
3.505526855291955513e-01
3.528462386967664011e-01
3.551348131891646220e-01
3.574182750618895565e-01
3.596964654619854151e-01
3.619691983438642624e-01
3.642362582154403672e-01
3.664973979281212491e-01
3.687523365241771045e-01
3.710007571548949445e-01
3.732423050827247124e-01
3.754765857803357698e-01
3.777031631391181143e-01
3.799215577992104964e-01
3.821312456125736667e-01
3.843316562500060929e-01
3.865221719622840557e-01
3.887021265048189456e-01
3.908708042343803646e-01
3.930274393855016091e-01
3.951712155332187670e-01
3.973012652477657114e-01
3.994166699457757930e-01
4.015164599414423052e-01
4.035996146999608625e-01
4.056650632944258095e-01
4.077116850662045322e-01
4.097383104876511362e-01
4.117437222248841455e-01
4.137266563972153977e-01
