5.189732909202575684e-01
5.178152918815612793e-01
5.166397690773010254e-01
5.154492259025573730e-01
5.142461657524108887e-01
5.130329132080078125e-01
5.118117928504943848e-01
5.105850696563720703e-01
5.093550086021423340e-01
5.081233382225036621e-01
5.068924427032470703e-01
5.056639909744262695e-01
5.044399499893188477e-01
5.032222270965576172e-01
5.020124316215515137e-01
5.008121132850646973e-01
4.996231198310852051e-01
4.984468519687652588e-01
4.972848296165466309e-01
4.961383938789367676e-01
4.950089752674102783e-01
4.938978552818298340e-01
4.928062856197357178e-01
4.917354881763458252e-01
4.906865060329437256e-01
4.896605312824249268e-01
4.886585772037506104e-01
4.876815676689147949e-01
4.867305755615234375e-01
4.858064055442810059e-01
4.849099814891815186e-01
4.840419590473175049e-01
4.832033216953277588e-01
4.823946654796600342e-01
4.816167652606964111e-01
4.808702468872070312e-01
4.801557362079620361e-01
4.794737994670867920e-01
4.788250327110290527e-01
4.782099127769470215e-01
4.776288866996765137e-01
4.770825207233428955e-01
4.765711426734924316e-01
4.760952591896057129e-01
4.756551682949066162e-01
4.752512276172637939e-01
4.748838245868682861e-01
4.745531082153320312e-01
4.742595553398132324e-01
4.740032255649566650e-01
4.737845659255981445e-01
4.736035168170928955e-01
4.734604656696319580e-01
4.733555316925048828e-01
4.732888042926788330e-01
4.732604920864105225e-01
4.732706844806671143e-01
4.733195006847381592e-01
4.734070599079132080e-01
4.735333323478698730e-01
4.736984372138977051e-01
4.739024043083190918e-01
4.741452932357788086e-01
4.744270145893096924e-01
4.747477173805236816e-01
4.751072525978088379e-01
4.755056202411651611e-01
4.759429097175598145e-01
4.764190316200256348e-01
4.769336879253387451e-01
4.774871766567230225e-01
4.780791997909545898e-01
4.787097871303558350e-01
4.793788492679595947e-01
4.800861477851867676e-01
4.808315932750701904e-01
4.816152751445770264e-01
4.824369251728057861e-01
4.832963645458221436e-01
4.841934740543365479e-01
4.851281940937042236e-01
4.861003756523132324e-01
4.871097803115844727e-01
4.881562292575836182e-01
4.892395436763763428e-01
4.903596639633178711e-01
4.915163516998291016e-01
4.927093684673309326e-01
4.939385652542114258e-01
4.952037334442138672e-01
4.965046942234039307e-01
4.978411495685577393e-01
4.992130696773529053e-01
5.006200671195983887e-01
5.020619630813598633e-01
5.035384893417358398e-01
5.050495266914367676e-01
5.065947175025939941e-01
5.081738829612731934e-01
5.097867250442504883e-01
5.114331245422363281e-01
5.131127238273620605e-01
5.148251652717590332e-01
5.165702104568481445e-01
5.183479189872741699e-01
5.201575756072998047e-01
5.219991803169250488e-01
5.238723158836364746e-01
5.257766246795654297e-01
5.277121067047119141e-01
5.296783447265625000e-01
5.316747426986694336e-01
5.337013602256774902e-01
5.357577800750732422e-01
5.378435850143432617e-01
5.399586558341979980e-01
5.421025156974792480e-01
5.442747473716735840e-01
5.464754104614257812e-01
5.487036705017089844e-01
5.509595274925231934e-01
5.532425045967102051e-01
5.555524230003356934e-01
5.578885674476623535e-01
5.602509379386901855e-01
5.626390576362609863e-01
5.650523304939270020e-01
5.674908757209777832e-01
5.699537396430969238e-01
5.724410414695739746e-01
5.749519467353820801e-01
5.774864554405212402e-01
5.800440907478332520e-01
5.826243162155151367e-01
5.852267146110534668e-01
5.878510475158691406e-01
5.904967784881591797e-01
5.931634306907653809e-01
5.958507061004638672e-01
5.985580682754516602e-01
6.012850999832153320e-01
6.040315032005310059e-01
6.067967414855957031e-01
6.095802783966064453e-01
6.123817563056945801e-01
6.152006983757019043e-01
6.180367469787597656e-01
6.208891272544860840e-01
6.237577199935913086e-01
6.266418099403381348e-01
6.295412778854370117e-01
6.324550509452819824e-01
6.353831887245178223e-01
6.383249163627624512e-01
6.412796974182128906e-01
6.442473530769348145e-01
6.472270488739013672e-01
6.502184271812438965e-01
6.532209515571594238e-01
6.562340259552001953e-01
6.592573523521423340e-01
6.622903347015380859e-01
6.653320789337158203e-01
6.683826446533203125e-01
6.714411377906799316e-01
6.745071411132812500e-01
6.775801181793212891e-01
6.806594729423522949e-01
6.837447285652160645e-01
6.868354678153991699e-01
6.899307966232299805e-01
6.930305361747741699e-01
6.961339712142944336e-01
6.992406845092773438e-01
7.023498415946960449e-01
7.054612040519714355e-01
7.085740566253662109e-01
7.116878628730773926e-01
7.148022651672363281e-01
7.179164886474609375e-01
7.210299968719482422e-01
7.241424322128295898e-01
7.272530794143676758e-01
7.303614616394042969e-01
7.334670424461364746e-01
7.365691661834716797e-01
7.396673560142517090e-01
7.427613139152526855e-01
7.458500266075134277e-01
7.489334344863891602e-01
7.520106434822082520e-01
7.550812959671020508e-01
7.581449747085571289e-01
7.612010240554809570e-01
7.642489671707153320e-01
7.672880887985229492e-01
7.703180313110351562e-01
7.733384370803833008e-01
7.763487100601196289e-01
7.793483734130859375e-01
7.823366522789001465e-01
7.853134870529174805e-01
7.882781624794006348e-01
7.912302613258361816e-01
7.941692471504211426e-01
7.970947027206420898e-01
8.000062704086303711e-01
8.029033541679382324e-01
8.057856559753417969e-01
8.086525797843933105e-01
8.115037083625793457e-01
8.143388628959655762e-01
8.171573877334594727e-01
8.199590444564819336e-01
8.227432370185852051e-01
8.255096077919006348e-01
8.282579779624938965e-01
8.309878110885620117e-01
8.336989283561706543e-01
8.363908529281616211e-01
8.390629291534423828e-01
8.417153954505920410e-01
8.443475961685180664e-01
8.469591736793518066e-01
8.495500087738037109e-01
8.521196842193603516e-01
8.546679615974426270e-01
8.571944832801818848e-01
8.596991300582885742e-01
8.621814846992492676e-01
8.646414279937744141e-01
8.670786619186401367e-01
8.694928884506225586e-01
8.718840479850769043e-01
8.742518424987792969e-01
8.765960931777954102e-01
8.789165019989013672e-01
8.812130689620971680e-01
8.834854960441589355e-01
8.857337832450866699e-01
8.879576325416564941e-01
8.901568651199340820e-01
8.923315405845642090e-01
8.944813013076782227e-01
8.966063857078552246e-01
8.987064361572265625e-01
9.007813334465026855e-01
9.028311967849731445e-01
9.048556685447692871e-01
9.068550467491149902e-01
9.088290929794311523e-01
9.107775688171386719e-01
9.127008914947509766e-01
9.145987033843994141e-01
9.164711236953735352e-01
9.183180928230285645e-01
9.201397299766540527e-01
9.219358563423156738e-01
9.237065911293029785e-01
9.254519939422607422e-01
9.271721243858337402e-01
9.288668632507324219e-01
9.305365681648254395e-01
9.321809411048889160e-01
9.338003396987915039e-01
9.353945851325988770e-01
9.369640946388244629e-01
9.385087490081787109e-01
9.400285482406616211e-01
9.415239691734313965e-01
9.429947137832641602e-01
9.444410800933837891e-01
9.458632469177246094e-01
9.472611546516418457e-01
9.486351013183593750e-01
9.499851465225219727e-01
9.513116478919982910e-01
9.526144862174987793e-01
9.538938403129577637e-01
9.551500678062438965e-01
9.563832283020019531e-01
9.575935006141662598e-01
9.587810039520263672e-01
9.599460363388061523e-01
9.610886573791503906e-01
9.622092247009277344e-01
9.633076786994934082e-01
9.643844366073608398e-01
9.654396176338195801e-01
9.664734601974487305e-01
9.674861431121826172e-01
9.684778451919555664e-01
9.694488048553466797e-01
9.703992605209350586e-01
9.713293910026550293e-01
9.722394943237304688e-01
9.731296300888061523e-01
9.740000963211059570e-01
9.748513102531433105e-01
9.756832122802734375e-01
9.764962792396545410e-01
9.772904515266418457e-01
9.780662059783935547e-01
9.788236618041992188e-01
9.795630574226379395e-01
9.802846908569335938e-01
9.809887409210205078e-01
9.816754460334777832e-01
9.823451638221740723e-01
9.829978942871093750e-01
9.836340546607971191e-01
9.842537045478820801e-01
9.848574399948120117e-01
9.854450821876525879e-01
9.860170483589172363e-01
9.865736365318298340e-01
9.871149659156799316e-01
9.876412749290466309e-01
9.881529211997985840e-01
9.886500239372253418e-01
9.891328811645507812e-01
9.896016716957092285e-01
9.900566935539245605e-01
9.904980659484863281e-01
9.909260869026184082e-01
9.913409948348999023e-01
9.917430877685546875e-01
9.921324253082275391e-01
9.925093650817871094e-01
9.928739666938781738e-01
9.932266473770141602e-01
9.935675859451293945e-01
9.938969612121582031e-01
9.942149519920349121e-01
9.945217370986938477e-01
9.948177337646484375e-01
9.951028823852539062e-01
9.953777194023132324e-01
9.956421852111816406e-01
9.958964586257934570e-01
9.961410164833068848e-01
9.963758587837219238e-01
9.966011643409729004e-01
9.968171119689941406e-01
9.970241189002990723e-01
9.972222447395324707e-01
9.974116683006286621e-01
9.975925683975219727e-01
9.977651238441467285e-01
9.979296326637268066e-01
9.980860948562622070e-01
9.982349276542663574e-01
9.983760714530944824e-01
9.985098242759704590e-01
9.986363053321838379e-01
9.987559914588928223e-01
9.988685846328735352e-01
9.989745616912841797e-01
9.990739226341247559e-01
9.991668462753295898e-01
9.992536306381225586e-01
9.993343353271484375e-01
9.994091391563415527e-01
9.994782805442810059e-01
9.995417594909667969e-01
9.995998740196228027e-01
9.996526241302490234e-01
9.997002482414245605e-01
9.997427463531494141e-01
9.997805953025817871e-01
9.998137354850769043e-01
9.998421669006347656e-01
9.998662471771240234e-01
9.998859763145446777e-01
9.999015331268310547e-01
9.999131560325622559e-01
9.999206662178039551e-01
9.999244809150695801e-01
9.999247789382934570e-01
9.999213814735412598e-01
9.999145269393920898e-01
9.999044537544250488e-01
9.998911619186401367e-01
9.998747706413269043e-01
9.998554587364196777e-01
9.998332262039184570e-01
9.998083710670471191e-01
9.997807741165161133e-01
9.997506737709045410e-01
9.997179508209228516e-01
9.996831417083740234e-01
9.996460080146789551e-01
9.996067881584167480e-01
9.995653629302978516e-01
9.995220303535461426e-01
9.994769692420959473e-01
9.994298815727233887e-01
9.993812441825866699e-01
9.993309974670410156e-01
9.992792010307312012e-01
9.992259144783020020e-01
9.991713166236877441e-01
9.991153478622436523e-01
9.990583658218383789e-01
9.990000724792480469e-01
9.989407658576965332e-01
9.988804459571838379e-01
9.988192319869995117e-01
9.987571239471435547e-01
9.986941814422607422e-01
9.986306428909301758e-01
9.985663890838623047e-01
9.985014796257019043e-01
9.984360933303833008e-01
9.983702301979064941e-01
9.983040094375610352e-01
9.982372522354125977e-01
9.981702566146850586e-01
9.981030821800231934e-01
9.980356097221374512e-01
9.979679584503173828e-01
9.979003071784973145e-01
9.978325366973876953e-01
9.977647066116333008e-01
9.976970553398132324e-01
9.976292848587036133e-01
9.975617527961730957e-01
9.974943399429321289e-01
9.974271655082702637e-01
9.973602890968322754e-01
9.972935914993286133e-01
9.972272515296936035e-01
9.971612691879272461e-01
9.970956444740295410e-01
9.970304965972900391e-01
9.969657659530639648e-01
9.969014525413513184e-01
9.968378543853759766e-01
9.967746138572692871e-01
9.967120885848999023e-01
9.966500401496887207e-01
9.965887069702148438e-01
9.965279102325439453e-01
9.964679479598999023e-01
9.964085817337036133e-01
9.963498711585998535e-01
9.962920546531677246e-01
9.962349534034729004e-01
9.961786270141601562e-01
9.961231946945190430e-01
9.960685372352600098e-01
9.960146546363830566e-01
9.959617257118225098e-01
9.959096908569335938e-01
9.958583712577819824e-01
9.958081245422363281e-01
9.957586526870727539e-01
9.957103133201599121e-01
9.956627488136291504e-01
9.956161975860595703e-01
9.955706596374511719e-01
9.955260157585144043e-01
9.954824447631835938e-01
9.954397678375244141e-01
9.953981041908264160e-01
9.953576326370239258e-01
9.953179359436035156e-01
9.952793717384338379e-01
9.952419400215148926e-01
9.952053427696228027e-01
9.951699376106262207e-01
9.951356053352355957e-01
9.951021671295166016e-01
9.950698614120483398e-01
9.950386285781860352e-01
9.950084090232849121e-01
9.949793219566345215e-01
9.949511885643005371e-01
9.949242472648620605e-01
9.948982596397399902e-01
9.948732852935791016e-01
9.948495030403137207e-01
9.948266148567199707e-01
9.948049187660217285e-01
9.947843551635742188e-01
9.947646260261535645e-01
9.947461485862731934e-01
9.947284460067749023e-01
9.947121143341064453e-01
9.946966171264648438e-01
9.946823120117187500e-01
9.946689605712890625e-01
9.946565032005310059e-01
9.946451783180236816e-01
9.946349263191223145e-01
9.946255683898925781e-01
9.946171641349792480e-01
9.946099519729614258e-01
9.946036338806152344e-01
9.945982694625854492e-01
9.945939779281616211e-01
9.945905208587646484e-01
9.945880174636840820e-01
9.945865273475646973e-01
9.945859313011169434e-01
9.945864081382751465e-01
9.945877194404602051e-01
9.945898652076721191e-01
9.945931434631347656e-01
9.945970773696899414e-01
9.946019053459167480e-01
9.946078658103942871e-01
9.946144819259643555e-01
9.946221113204956055e-01
9.946304559707641602e-01
9.946395754814147949e-01
9.946496486663818359e-01
9.946606755256652832e-01
9.946722984313964844e-01
9.946847558021545410e-01
9.946980476379394531e-01
9.947120547294616699e-01
9.947268366813659668e-01
9.947424530982971191e-01
9.947587251663208008e-01
9.947757124900817871e-01
9.947934746742248535e-01
9.948120117187500000e-01
9.948310256004333496e-01
9.948508739471435547e-01
9.948714375495910645e-01
9.948924779891967773e-01
9.949143528938293457e-01
9.949367642402648926e-01
9.949598312377929688e-01
9.949836134910583496e-01
9.950076937675476074e-01
9.950327873229980469e-01
9.950581192970275879e-01
9.950841665267944336e-01
9.951106905937194824e-01
9.951378107070922852e-01
9.951653480529785156e-01
9.951935410499572754e-01
9.952221512794494629e-01
9.952513575553894043e-01
9.952808618545532227e-01
9.953109622001647949e-01
9.953414201736450195e-01
9.953724145889282227e-01
9.954038262367248535e-01
9.954355359077453613e-01
9.954679012298583984e-01
9.955004453659057617e-01
9.955334663391113281e-01
9.955668449401855469e-01
9.956005215644836426e-01
9.956344962120056152e-01
9.956689476966857910e-01
9.957036375999450684e-01
9.957386851310729980e-01
9.957739710807800293e-01
9.958096742630004883e-01
9.958454370498657227e-01
9.958815574645996094e-01
9.959179759025573730e-01
9.959546327590942383e-01
9.959914088249206543e-01
9.960286021232604980e-01
9.960659146308898926e-01
9.961033463478088379e-01
9.961410164833068848e-01
9.961788654327392578e-01
9.962169528007507324e-01
9.962551593780517578e-01
9.962934255599975586e-01
9.963318705558776855e-01
9.963704347610473633e-01
9.964090585708618164e-01
9.964479207992553711e-01
9.964868426322937012e-01
9.965258240699768066e-01
9.965648651123046875e-01
9.966039061546325684e-01
9.966430068016052246e-01
9.966822862625122070e-01
9.967215061187744141e-01
9.967607855796813965e-01
9.968000650405883789e-01
9.968392848968505859e-01
9.968785643577575684e-01
9.969177842140197754e-01
9.969571232795715332e-01
9.969962835311889648e-01
9.970355033874511719e-01
9.970745444297790527e-01
9.971136450767517090e-01
9.971526861190795898e-01
9.971916079521179199e-01
9.972304701805114746e-01
9.972692131996154785e-01
9.973079562187194824e-01
9.973465800285339355e-01
9.973850250244140625e-01
9.974233508110046387e-01
9.974616169929504395e-01
9.974997639656066895e-01
9.975377321243286133e-01
9.975755214691162109e-01
9.976131916046142578e-01
9.976507425308227539e-01
9.976880550384521484e-01
9.977252483367919922e-01
9.977622628211975098e-01
9.977991580963134766e-01
9.978357553482055664e-01
9.978722333908081055e-01
9.979084730148315430e-01
9.979444742202758789e-01
9.979803562164306641e-01
9.980159401893615723e-01
9.980513453483581543e-01
9.980863928794860840e-01
9.981213212013244629e-01
9.981560707092285156e-01
9.981904625892639160e-01
9.982246756553649902e-01
9.982585906982421875e-01
9.982922673225402832e-01
9.983256459236145020e-01
9.983587861061096191e-01
9.983916878700256348e-01
9.984242320060729980e-01
9.984565973281860352e-01
9.984886050224304199e-01
9.985203742980957031e-01
9.985519051551818848e-01
9.985829591751098633e-01
9.986138343811035156e-01
9.986443519592285156e-01
9.986746311187744141e-01
9.987046122550964355e-01
9.987342357635498047e-01
9.987636208534240723e-01
9.987925291061401367e-01
9.988211989402770996e-01
9.988495707511901855e-01
9.988775253295898438e-01
9.989053010940551758e-01
9.989327192306518555e-01
9.989597201347351074e-01
9.989864230155944824e-01
9.990128278732299805e-01
9.990387558937072754e-01
9.990645051002502441e-01
9.990898370742797852e-01
9.991149306297302246e-01
9.991395473480224609e-01
9.991637468338012695e-01
9.991877675056457520e-01
9.992113709449768066e-01
9.992346763610839844e-01
9.992575049400329590e-01
9.992800354957580566e-01
9.993022680282592773e-01
9.993240237236022949e-01
9.993456006050109863e-01
9.993665814399719238e-01
9.993873238563537598e-01
9.994077086448669434e-01
9.994277358055114746e-01
9.994474053382873535e-01
9.994667768478393555e-01
9.994856715202331543e-01
9.995042085647583008e-01
9.995223879814147949e-01
9.995402097702026367e-01
9.995577335357666016e-01
9.995748400688171387e-01
9.995915293693542480e-01
9.996079802513122559e-01
9.996239542961120605e-01
9.996396303176879883e-01
9.996548891067504883e-01
9.996698498725891113e-01
9.996843934059143066e-01
9.996986389160156250e-01
9.997124075889587402e-01
9.997258782386779785e-01
9.997389912605285645e-01
9.997518062591552734e-01
9.997642636299133301e-01
9.997761845588684082e-01
9.997878670692443848e-01
9.997991919517517090e-01
9.998100399971008301e-01
9.998207092285156250e-01
9.998310208320617676e-01
9.998409152030944824e-01
9.998504519462585449e-01
9.998596310615539551e-01
9.998685717582702637e-01
9.998770356178283691e-01
9.998851418495178223e-01
9.998929500579833984e-01
9.999004006385803223e-01
9.999074935913085938e-01
9.999143481254577637e-01
9.999207258224487305e-01
9.999268651008605957e-01
9.999325871467590332e-01
9.999380707740783691e-01
9.999431371688842773e-01
9.999479651451110840e-01
9.999523758888244629e-01
9.999564290046691895e-01
9.999603033065795898e-01
9.999637603759765625e-01
9.999669790267944336e-01
9.999697804450988770e-01
9.999722242355346680e-01
9.999745488166809082e-01
9.999763369560241699e-01
9.999780654907226562e-01
9.999793767929077148e-01
9.999802112579345703e-01
9.999809265136718750e-01
9.999813437461853027e-01
9.999813437461853027e-01
9.999811053276062012e-01
9.999806284904479980e-01
9.999797940254211426e-01
9.999787211418151855e-01
9.999773502349853516e-01
9.999756813049316406e-01
9.999737739562988281e-01
9.999715089797973633e-01
9.999691247940063477e-01
9.999662637710571289e-01
9.999632239341735840e-01
9.999599456787109375e-01
9.999564290046691895e-01
9.999525547027587891e-01
9.999483823776245117e-01
9.999441504478454590e-01
9.999395608901977539e-01
9.999347329139709473e-01
9.999296069145202637e-01
9.999243021011352539e-01
9.999186992645263672e-01
9.999129176139831543e-01
9.999067783355712891e-01
9.999005794525146484e-01
9.998940229415893555e-01
9.998872280120849609e-01
9.998803734779357910e-01
9.998730421066284180e-01
9.998657107353210449e-01
9.998579621315002441e-01
9.998501539230346680e-01
9.998421669006347656e-01
9.998338818550109863e-01
9.998254179954528809e-01
9.998168349266052246e-01
9.998079538345336914e-01
9.997988939285278320e-01
9.997896552085876465e-01
9.997802972793579102e-01
9.997706413269042969e-01
9.997608065605163574e-01
9.997507333755493164e-01
9.997406601905822754e-01
9.997303485870361328e-01
9.997197389602661133e-01
9.997091293334960938e-01
9.996983408927917480e-01
9.996873140335083008e-01
9.996760487556457520e-01
9.996647238731384277e-01
9.996533393859863281e-01
9.996417164802551270e-01
9.996298551559448242e-01
9.996180534362792969e-01
9.996059536933898926e-01
9.995937943458557129e-01
9.995814561843872070e-01
9.995689988136291504e-01
9.995563626289367676e-01
9.995435476303100586e-01
9.995307922363281250e-01
9.995177984237670898e-01
9.995048046112060547e-01
9.994916319847106934e-01
9.994782805442810059e-01
9.994648098945617676e-01
9.994512796401977539e-01
9.994375705718994141e-01
9.994239211082458496e-01
9.994100332260131836e-01
9.993960857391357422e-01
9.993820786476135254e-01
9.993680119514465332e-01
9.993538260459899902e-01
9.993394613265991211e-01
9.993250370025634766e-01
9.993106126785278320e-01
9.992961883544921875e-01
9.992815256118774414e-01
9.992668032646179199e-01
9.992520213127136230e-01
9.992371797561645508e-01
9.992223978042602539e-01
9.992074966430664062e-01
9.991923570632934570e-01
9.991773962974548340e-01
9.991621375083923340e-01
9.991469979286193848e-01
9.991317987442016602e-01
9.991164803504943848e-01
9.991011619567871094e-01
9.990857839584350586e-01
9.990704655647277832e-01
9.990550875663757324e-01
9.990395307540893555e-01
9.990239739418029785e-01
9.990084171295166016e-01
9.989928603172302246e-01
9.989771246910095215e-01
9.989615678787231445e-01
9.989459514617919922e-01
9.989302158355712891e-01
9.989145398139953613e-01
9.988988041877746582e-01
9.988831281661987305e-01
9.988673925399780273e-01
9.988515973091125488e-01
9.988358616828918457e-01
9.988199472427368164e-01
9.988042712211608887e-01
9.987883567810058594e-01
9.987725615501403809e-01
9.987567663192749023e-01
9.987409710884094238e-01
9.987251162528991699e-01
9.987094402313232422e-01
9.986935853958129883e-01
9.986777901649475098e-01
9.986619949340820312e-01
9.986462593078613281e-01
9.986304640769958496e-01
9.986147880554199219e-01
9.985991120338439941e-01
9.985833168029785156e-01
9.985675811767578125e-01
9.985518455505371094e-01
9.985361695289611816e-01
9.985206127166748047e-01
9.985049366950988770e-01
9.984893798828125000e-01
9.984738230705261230e-01
9.984582662582397461e-01
9.984428286552429199e-01
9.984272718429565430e-01
9.984117746353149414e-01
9.983963966369628906e-01
9.983810782432556152e-01
9.983656406402587891e-01
9.983502626419067383e-01
9.983351230621337891e-01
9.983198046684265137e-01
9.983046054840087891e-01
9.982893466949462891e-01
9.982743859291076660e-01
9.982591867446899414e-01
9.982442259788513184e-01
9.982292056083679199e-01
9.982141256332397461e-01
9.981992840766906738e-01
9.981843233108520508e-01
9.981694817543029785e-01
9.981548190116882324e-01
9.981400966644287109e-01
9.981254339218139648e-01
9.981107711791992188e-01
9.980961680412292480e-01
9.980816245079040527e-01
9.980671405792236328e-01
9.980526566505432129e-01
9.980382323265075684e-01
9.980239272117614746e-01
9.980097413063049316e-01
9.979955554008483887e-01
9.979813694953918457e-01
9.979671835899353027e-01
9.979531168937683105e-01
9.979391098022460938e-01
9.979252219200134277e-01
9.979112744331359863e-01
9.978975653648376465e-01
9.978837966918945312e-01
9.978700876235961914e-01
9.978564381599426270e-01
9.978428483009338379e-01
9.978292584419250488e-01
9.978157877922058105e-01
9.978024363517761230e-01
9.977891445159912109e-01
9.977757334709167480e-01
9.977625608444213867e-01
9.977495074272155762e-01
9.977363348007202148e-01
9.977232813835144043e-01
9.977103471755981445e-01
9.976974129676818848e-01
9.976845979690551758e-01
9.976717829704284668e-01
9.976590871810913086e-01
9.976463913917541504e-01
9.976338148117065430e-01
9.976212382316589355e-01
9.976088404655456543e-01
9.975963830947875977e-01
9.975840449333190918e-01
9.975717663764953613e-01
9.975595474243164062e-01
9.975473880767822266e-01
9.975354075431823730e-01
9.975233078002929688e-01
9.975113868713378906e-01
9.974995255470275879e-01
9.974877238273620605e-01
9.974759221076965332e-01
9.974641799926757812e-01
9.974526166915893555e-01
9.974410533905029297e-01
9.974295496940612793e-01
9.974181652069091797e-01
9.974067807197570801e-01
9.973953962326049805e-01
9.973841905593872070e-01
9.973730444908142090e-01
9.973618388175964355e-01
9.973508119583129883e-01
9.973399043083190918e-01
9.973289966583251953e-01
9.973180890083312988e-01
9.973073005676269531e-01
9.972965717315673828e-01
9.972859025001525879e-01
9.972752928733825684e-01
9.972646832466125488e-01
9.972543120384216309e-01
9.972438216209411621e-01
9.972335100173950195e-01
9.972231984138488770e-01
9.972129464149475098e-01
9.972028136253356934e-01
9.971927404403686523e-01
9.971826672554016113e-01
9.971726536750793457e-01
9.971627593040466309e-01
9.971529245376586914e-01
9.971432089805603027e-01
9.971334338188171387e-01
9.971237778663635254e-01
9.971141219139099121e-01
9.971046447753906250e-01
9.970951676368713379e-01
9.970857501029968262e-01
9.970763921737670898e-01
9.970669746398925781e-01
9.970578551292419434e-01
9.970484972000122070e-01
9.970393776893615723e-01
9.970303773880004883e-01
9.970213770866394043e-01
9.970123767852783203e-01
9.970034360885620117e-01
9.969946146011352539e-01
9.969858527183532715e-01
9.969770908355712891e-01
9.969684481620788574e-01
9.969597458839416504e-01
9.969512224197387695e-01
9.969428181648254395e-01
9.969343543052673340e-01
9.969260096549987793e-01
9.969176054000854492e-01
9.969092607498168945e-01
9.969010353088378906e-01
9.968929290771484375e-01
9.968848228454589844e-01
9.968767166137695312e-01
9.968687295913696289e-01
9.968606829643249512e-01
9.968528151512145996e-01
9.968449473381042480e-01
9.968371987342834473e-01
9.968294501304626465e-01
9.968216419219970703e-01
9.968140721321105957e-01
