5.189732987119252128e-01
5.177962620273781624e-01
5.166048261464381008e-01
5.154012578073516870e-01
5.141877588170024049e-01
5.129664667212155971e-01
5.117394559922768815e-01
5.105087384444966236e-01
5.092762636751896332e-01
5.080439200344470940e-01
5.068135356773112443e-01
5.055868793734241695e-01
5.043656613387003107e-01
5.031515339575216572e-01
5.019460929815678929e-01
5.007508785546664898e-01
4.995673760119413442e-01
4.983970170544516631e-01
4.972411804913583477e-01
4.961011937852899956e-01
4.949783341480272214e-01
4.938738291300638350e-01
4.927888583647009324e-01
4.917245540443597185e-01
4.906820021687146038e-01
4.896622445645223975e-01
4.886662791273780893e-01
4.876950605050955345e-01
4.867495022907626923e-01
4.858304779727712353e-01
4.849388211686117556e-01
4.840753278301213602e-01
4.832407566503461593e-01
4.824358298599904504e-01
4.816612347715921727e-01
4.809176249615070842e-01
4.802056202999529511e-01
4.795258093908990049e-01
4.788787500972173095e-01
4.782649692678516695e-01
4.776849652600013707e-01
4.771392078793352809e-01
4.766281398297140814e-01
4.761521770873579640e-01
4.757117095757127934e-01
4.753071034144968343e-01
4.749386999235367113e-01
4.746068171089291576e-01
4.743117507359289609e-01
4.740537750657969340e-01
4.738331428293416359e-01
4.736500868915274887e-01
4.735048198890381976e-01
4.733975359916441916e-01
4.733284102200246424e-01
4.732976004936602643e-01
4.733052476945971421e-01
4.733514752095966949e-01
4.734363908358160122e-01
4.735600866996692582e-01
4.737226397497618646e-01
4.739241125175170377e-01
4.741645542738054386e-01
4.744439995731810633e-01
4.747624699502656642e-01
4.751199748327030181e-01
4.755165111457058114e-01
4.759520635963556678e-01
4.764266059709039158e-01
4.769401012518998395e-01
4.774925002178925793e-01
4.780837437809178914e-01
4.787137631800657545e-01
4.793824794109876608e-01
4.800898045834151584e-01
4.808356418121078057e-01
4.816198844617777808e-01
4.824424177464791685e-01
4.833031184740309016e-01
4.842018553034728723e-01
4.851384887874053420e-01
4.861128717040047453e-01
4.871248503608867630e-01
4.881742634494727895e-01
4.892609419931672199e-01
4.903847106614248053e-01
4.915453876507795417e-01
4.927427844351700004e-01
4.939767063453333051e-01
4.952469522936084334e-01
4.965533147668974023e-01
4.978955813738158431e-01
4.992735328563160935e-01
5.006869454880168435e-01
5.021355893134785697e-01
5.036192284373260941e-01
5.051376228316454275e-01
5.066905270404316042e-01
5.082776897624735613e-01
5.098988547956895268e-01
5.115537615068150856e-01
5.132421440062989726e-01
5.149637309983033928e-01
5.167182472405538185e-01
5.185054129747386220e-01
5.203249429347573951e-01
5.221765470573600521e-01
5.240599314698231037e-01
5.259747974496159495e-01
5.279208416592273689e-01
5.298977566190226085e-01
5.319052296969967175e-01
5.339429444770346089e-01
5.360105791447471457e-01
5.381078074981842096e-01
5.402343002000881134e-01
5.423897227672724863e-01
5.445737357169979642e-01
5.467859963857222283e-01
5.490261577342029353e-01
5.512938669408784520e-01
5.535887668226240343e-01
5.559104971306636500e-01
5.582586928975511453e-01
5.606329839184911457e-01
5.630329965872660214e-01
5.654583525760227269e-01
5.679086687139776046e-01
5.703835578211908786e-01
5.728826276995306888e-01
5.754054827201847688e-01
5.779517221988619280e-01
5.805209419998482723e-01
5.831127327529872506e-01
5.857266803668489397e-01
5.883623666600343860e-01
5.910193703446816604e-01
5.936972636352009225e-01
5.963956153701337470e-01
5.991139911844214350e-01
6.018519507714603645e-01
6.046090500139340573e-01
6.073848412442611755e-01
6.101788719851769516e-01
6.129906852434393594e-01
6.158198202866567161e-01
6.186658115303924621e-01
6.215281898561806351e-01
6.244064828421025393e-01
6.273002139281655953e-01
6.302089013748729540e-01
6.331320610367580093e-01
6.360692045036532294e-01
6.390198390564811870e-01
6.419834695954329540e-01
6.449595966156352889e-01
6.479477169681659987e-01
6.509473246234612764e-01
6.539579097874141933e-01
6.569789603852036475e-01
6.600099602726519077e-01
6.630503907286885434e-01
6.660997312519608693e-01
6.691574573388407998e-01
6.722230426810140713e-01
6.752959585510005525e-01
6.783756729483054748e-01
6.814616525345400522e-01
6.845533623784986199e-01
6.876502656255130130e-01
6.907518233101609395e-01
6.938574949968330241e-01
6.969667392257578031e-01
7.000790137975310135e-01
7.031937756175026255e-01
7.063104799745423268e-01
7.094285820629566697e-01
7.125475363882712854e-01
7.156667986012485994e-01
7.187858233660331386e-01
7.219040654680307645e-01
7.250209802431333284e-01
7.281360247623112070e-01
7.312486568958738165e-01
7.343583350492418615e-01
7.374645186038325528e-01
7.405666689477413689e-01
7.436642501308274866e-01
7.467567279501025057e-01
7.498435704620254327e-01
7.529242479147014722e-01
7.559982332893012691e-01
7.590650034079144959e-01
7.621240395125277178e-01
7.651748239175105715e-01
7.682168436314043003e-01
7.712495903488316706e-01
7.742725595762937063e-01
7.772852520078268324e-01
7.802871718517440103e-01
7.832778295015755399e-01
7.862567405146244637e-01
7.892234247624824173e-01
7.921774097921747693e-01
7.951182275950691158e-01
7.980454167414181565e-01
8.009585217514360034e-01
8.038570945199599027e-01
8.067406941598019854e-01
8.096088861558301542e-01
8.124612431882423103e-01
8.152973461587136317e-01
8.181167818001008341e-01
8.209191465164165091e-01
8.237040439077782938e-01
8.264710863842446020e-01
8.292198943134561073e-01
8.319500967075353914e-01
8.346613309217888466e-01
8.373532432359817035e-01
8.400254892605933943e-01
8.426777339900851649e-01
8.453096506593623660e-01
8.479209230128610386e-01
8.505112436715046575e-01
8.530803149863209756e-01
8.556278487966135771e-01
8.581535667445010507e-01
8.606572006742781999e-01
8.631384918488801405e-01
8.655971923910588117e-01
8.680330637274227268e-01
8.704458774169359092e-01
8.728354152562641799e-01
8.752014684896280983e-01
8.775438396524917195e-01
8.798623415983937157e-01
8.821567968428544182e-01
8.844270374220952746e-01
8.866729059243853017e-01
8.888942559843608926e-01
8.910909504869584108e-01
8.932628625025530456e-01
8.954098755387301933e-01
8.975318823608848806e-01
8.996287867202943378e-01
9.017005014841380506e-01
9.037469489387004451e-01
9.057680619380897857e-01
9.077637824911702902e-01
9.097340620857751192e-01
9.116788620968967471e-01
9.135981529896429754e-01
9.154919138229462572e-01
9.173601333160668059e-01
9.192028089980412986e-01
9.210199473615207078e-01
9.228115634668804246e-01
9.245776813375220504e-01
9.263183329467439275e-01
9.280335583906356156e-01
9.297234056482398534e-01
9.313879314007013077e-01
9.330272003295473349e-01
9.346412839099059733e-01
9.362302615346268508e-01
9.377942197193529505e-01
9.393332524412144613e-01
9.408474600050691361e-01
9.423369500866608517e-01
9.438018366011743376e-01
9.452422402062731210e-01
9.466582876205545949e-01
9.480501117276293188e-01
9.494178509994566362e-01
9.507616500368553103e-01
9.520816590803700130e-01
9.533780329814892651e-01
9.546509321830838335e-01
9.559005224044342386e-01
9.571269736057758104e-01
9.583304607740127379e-01
9.595111633354560521e-01
9.606692646299451743e-01
9.618049522724796407e-01
9.629184181005996379e-01
9.640098574076895188e-01
9.650794687192170151e-01
9.661274541308519925e-01
9.671540191805012565e-01
9.681593723792082384e-01
9.691437250353428512e-01
9.701072911840705748e-01
9.710502872933806096e-01
9.719729324698481721e-01
9.728754479496420915e-01
9.737580569492736426e-01
9.746209846605383698e-01
9.754644581844860163e-01
9.762887058295447451e-01
9.770939576286932216e-01
9.778804450795679504e-01
9.786484010028677627e-01
9.793980590419566479e-01
9.801296537135272269e-01
9.808434205187557264e-01
9.815395955191822397e-01
9.822184154996576044e-01
9.828801171461589714e-01
9.835249381992273721e-01
9.841531162558871948e-01
9.847648889226492397e-01
9.853604940975696502e-01
9.859401692403498840e-01
9.865041515363861535e-01
9.870526779851699350e-01
9.875859852385856508e-01
9.881043094393121562e-01
9.886078859726498136e-01
9.890969496143979800e-01
9.895717346851896634e-01
9.900324741450802213e-01
9.904794000965931877e-01
9.909127438225674434e-01
9.913327355106410499e-01
9.917396041759037884e-01
9.921335776435905585e-01
9.925148823744788240e-01
9.928837433549274616e-01
9.932403843431746315e-01
9.935850277032051148e-01
9.939178942726519805e-01
9.942392032197816532e-01
9.945491721175951927e-01
9.948480168450793970e-01
9.951359516283190265e-01
9.954131889812902756e-01
9.956799396441466943e-01
9.959364123795084733e-01
9.961828141857469454e-01
9.964193502646628842e-01
9.966462236957871479e-01
9.968636357152121930e-01
9.970717856533795054e-01
9.972708707834340158e-01
9.974610861679147344e-01
9.976426249103235167e-01
9.978156782200182651e-01
9.979804351055799883e-01
9.981370823689789118e-01
9.982858047543857749e-01
9.984267848683580082e-01
9.985602031396697553e-01
9.986862378978829113e-01
9.988050652306641464e-01
9.989168590334672748e-01
9.990217911069755319e-01
9.991200309589650663e-01
9.992117459417586556e-01
9.992971012545892595e-01
9.993762597826501004e-01
9.994493822820210704e-01
9.995166272900931626e-01
9.995781511888491844e-01
9.996341080684600922e-01
9.996846498404889925e-01
9.997299262564549593e-01
9.997700848575232779e-01
9.998052710336224891e-01
9.998356279226929821e-01
9.998612965481132875e-01
9.998824157619994324e-01
9.998991222641590015e-01
9.999115506099702788e-01
9.999198331853480504e-01
9.999241002915240095e-01
9.999244801056738075e-01
9.999210986958462222e-01
9.999140800426058462e-01
9.999035460486828120e-01
9.998896165548699644e-01
9.998724093468419616e-01
9.998520401677444269e-01
9.998286227684676231e-01
9.998022688815220160e-01
9.997730882151402154e-01
9.997411885134247500e-01
9.997066755880852362e-01
9.996696532818770686e-01
9.996302235322274132e-01
9.995884863588025970e-01
9.995445398552614824e-01
9.994984802627027154e-01
9.994504019825932728e-01
9.994003975252047089e-01
9.993485576200297205e-01
9.992949711639970145e-01
9.992397252779651184e-01
9.991829053263809879e-01
9.991245949108629176e-01
9.990648758724713918e-01
9.990038283302929978e-01
9.989415307784824671e-01
9.988780600452445979e-01
9.988134911659858339e-01
9.987478976080731430e-01
9.986813512206432764e-01
9.986139223209333782e-01
9.985456795508886874e-01
9.984766900653521127e-01
9.984070193712389907e-01
9.983367315093685246e-01
9.982658890447678735e-01
9.981945529577134213e-01
9.981227828434846572e-01
9.980506367683903424e-01
9.979781714948321447e-01
9.979054422720351480e-01
9.978325030140107188e-01
9.977594061355842259e-01
9.976862028691239059e-01
9.976129430322914216e-01
9.975396750315661532e-01
9.974664459847921716e-01
9.973933019355492036e-01
9.973202874478425128e-01
9.972474459379822020e-01
9.971748195042378082e-01
9.971024491130519030e-01
9.970303745653673611e-01
9.969586344415781731e-01
9.968872661293982640e-01
9.968163058565084889e-01
9.967457888297067692e-01
9.966757490201684222e-01
9.966062193992399898e-01
9.965372319100412879e-01
9.964688173325699783e-01
9.964010054607088662e-01
9.963338250743335456e-01
9.962673039714643464e-01
9.962014688504257087e-01
9.961363454407785589e-01
9.960719586568682615e-01
9.960083324259606519e-01
9.959454897474168122e-01
9.958834526056308256e-01
9.958222421685216652e-01
9.957618787280495543e-01
9.957023818261001580e-01
9.956437698891316135e-01
9.955860607512216909e-01
9.955292713108668812e-01
9.954734177231161496e-01
9.954185152735164355e-01
9.953645785413614000e-01
9.953116212969285170e-01
9.952596566375969678e-01
9.952086968686887358e-01
9.951587537055008870e-01
9.951098378655857113e-01
9.950619596652816590e-01
9.950151286096581282e-01
9.949693535022150481e-01
9.949246426939506449e-01
9.948810037637418890e-01
9.948384436911538176e-01
9.947969687038986653e-01
9.947565846809116596e-01
9.947172966096905489e-01
9.946791091116325978e-01
9.946420262302004822e-01
9.946060515316040851e-01
9.945711878726875010e-01
9.945374376717247555e-01
9.945048028958092257e-01
9.944732849763567861e-01
9.944428846564629110e-01
9.944136024619031344e-01
9.943854382946698545e-01
9.943583915770148884e-01
9.943324613893324004e-01
9.943076464719968754e-01
9.942839449269532670e-01
9.942613545111911311e-01
9.942398726072079196e-01
9.942194962035811878e-01
9.942002218728535068e-01
9.941820458564275542e-01
9.941649639627794244e-01
9.941489716226219464e-01
9.941340640303318876e-01
9.941202360010448214e-01
9.941074820507520560e-01
9.940957962404175507e-01
9.940851724762730379e-01
9.940756042812085580e-01
9.940670850516887258e-01
9.940596076662495673e-01
9.940531647922291603e-01
9.940477488596094480e-01
9.940433521590730237e-01
9.940399666311301452e-01
9.940375839400998892e-01
9.940361954501891750e-01
9.940357925530139971e-01
9.940363661796852712e-01
9.940379072441254404e-01
9.940404063368833976e-01
9.940438537945364139e-01
9.940482398268758457e-01
9.940535546580114845e-01
9.940597879860835207e-01
9.940669296751956097e-01
9.940749692538914939e-01
9.940838961075045832e-01
9.940936994477144184e-01
9.941043683564819711e-01
9.941158919826387219e-01
9.941282590564622934e-01
9.941414584628506246e-01
9.941554787918179814e-01
9.941703084687346648e-01
9.941859359339957347e-01
9.942023497384441244e-01
9.942195379162064306e-01
9.942374886309034432e-01
9.942561899281971982e-01
9.942756299423630706e-01
9.942957965713790092e-01
9.943166776563135967e-01
9.943382610248377995e-01
9.943605344515189515e-01
9.943834856569551128e-01
9.944071023937671727e-01
9.944313721624310487e-01
9.944562826197272942e-01
9.944818213838578780e-01
9.945079760943227321e-01
9.945347342823569470e-01
9.945620833783901382e-01
9.945900109627344721e-01
9.946185044888739002e-01
9.946475514126780215e-01
9.946771392694185865e-01
9.947072556247313901e-01
9.947378880316535277e-01
9.947690240810015405e-01
9.948006511398643781e-01
9.948327569300831064e-01
9.948653290656156445e-01
9.948983551267481795e-01
9.949318226276492316e-01
9.949657194160680396e-01
9.950000332436933492e-01
9.950347518549946813e-01
9.950698631346667211e-01
9.951053548982117247e-01
9.951412149657029582e-01
9.951774313456324128e-01
9.952139920794648154e-01
9.952508852686909879e-01
9.952880990033398101e-01
9.953256215132431084e-01
9.953634410730103355e-01
9.954015460557074091e-01
9.954399248841562242e-01
9.954785660598144403e-01
9.955174580766742443e-01
9.955565894465706611e-01
9.955959490405363876e-01
9.956355255759893330e-01
9.956753079965596775e-01
9.957152852800107423e-01
9.957554464631690472e-01
9.957957806153716618e-01
9.958362769688261507e-01
9.958769248818027942e-01
9.959177137791630496e-01
9.959586331743337517e-01
9.959996725952285912e-01
9.960408217998660829e-01
9.960820706732136376e-01
9.961234090465006519e-01
9.961648268607280476e-01
9.962063142542899596e-01
9.962478614970450286e-01
9.962894588182705791e-01
9.963310967272250851e-01
9.963727657733134624e-01
9.964144565389010388e-01
9.964561598211936211e-01
9.964978664451907830e-01
9.965395674005397275e-01
9.965812537171701013e-01
9.966229166574587239e-01
9.966645474760994494e-01
9.967061376676628059e-01
9.967476787341608135e-01
9.967891623208355867e-01
9.968305801973725844e-01
9.968719242566558281e-01
9.969131864905884655e-01
9.969543590961763568e-01
9.969954342351794452e-01
9.970364042441871577e-01
9.970772615446704679e-01
9.971179987993499250e-01
9.971586087174152402e-01
9.971990841337762257e-01
9.972394179437278350e-01
9.972796032161969082e-01
9.973196331363135547e-01
9.973595010442070086e-01
9.973992002937058787e-01
9.974387244376550221e-01
9.974780671259695364e-01
9.975172221028647535e-01
9.975561832822589237e-01
9.975949446893748185e-01
9.976335004156051678e-01
9.976718446605342683e-01
9.977099718771044179e-01
9.977478765038446662e-01
9.977855530913989357e-01
9.978229963173484984e-01
9.978602010730529548e-01
9.978971622860175472e-01
9.979338750266516511e-01
9.979703344496304585e-01
9.980065357599665621e-01
9.980424743856847192e-01
9.980781458374116122e-01
9.981135457065112293e-01
9.981486697710705291e-01
9.981835138310007904e-01
9.982180738397241626e-01
9.982523458502757796e-01
9.982863260602818922e-01
9.983200107540609602e-01
9.983533963130388766e-01
9.983864791956182927e-01
9.984192560334832489e-01
9.984517235408877367e-01
9.984838784890813779e-01
9.985157178217107798e-01
9.985472385885495461e-01
9.985784378633963954e-01
9.986093128719162326e-01
9.986398609729735254e-01
9.986700795769993810e-01
9.986999661620918900e-01
9.987295183748620131e-01
9.987587339978183376e-01
9.987876107626718625e-01
9.988161466273932643e-01
9.988443396555060083e-01
9.988721878919091246e-01
9.988996894829572648e-01
9.989268427818461804e-01
9.989536461717748450e-01
9.989800981293820437e-01
9.990061971849797384e-01
9.990319420149821328e-01
9.990573313537374212e-01
9.990823640400360306e-01
9.991070389610866576e-01
9.991313551166004503e-01
9.991553115947554575e-01
9.991789075600534531e-01
9.992021422433463584e-01
9.992250149606415333e-01
9.992475251051882168e-01
9.992696722043136193e-01
9.992914558142498294e-01
9.993128755541594854e-01
9.993339311430615712e-01
9.993546223730483957e-01
9.993749491032967169e-01
9.993949112564286530e-01
9.994145088615171701e-01
9.994337419967790348e-01
9.994526108294360389e-01
9.994711155772951772e-01
9.994892564909308996e-01
9.995070339550137239e-01
9.995244483777396827e-01
9.995415002233152268e-01
9.995581900368005757e-01
9.995745184745284950e-01
9.995904862084751263e-01
9.996060939276593116e-01
9.996213424283990623e-01
9.996362325777604640e-01
9.996507652886533757e-01
9.996649415041034548e-01
9.996787622631158055e-01
9.996922286494643872e-01
9.997053417917703966e-01
9.997181028551657134e-01
9.997305130689558839e-01
9.997425737224689968e-01
9.997542861454942198e-01
9.997656517437506496e-01
9.997766719349588938e-01
9.997873482126603539e-01
9.997976820771324880e-01
9.998076751036510945e-01
9.998173289013819742e-01
9.998266451289057333e-01
9.998356254842797330e-01
9.998442717062799856e-01
9.998525855792232964e-01
9.998605689145407815e-01
9.998682235547606822e-01
9.998755514044006532e-01
9.998825544053560055e-01
9.998892345156977779e-01
9.998955937394261584e-01
9.999016341079757231e-01
9.999073576888629633e-01
9.999127665802455267e-01
9.999178629129796825e-01
9.999226488487418241e-01
9.999271265792606389e-01
9.999312983287124146e-01
9.999351663426570003e-01
9.999387328884247195e-01
9.999420002780688987e-01
9.999449708313179475e-01
9.999476468945776020e-01
9.999500308473515675e-01
9.999521250842753339e-01
9.999539320249516416e-01
9.999554541064836766e-01
9.999566937929076360e-01
9.999576535683816214e-01
9.999583359281422057e-01
9.999587433870456010e-01
9.999588784807306174e-01
9.999587437669097412e-01
9.999583418113444644e-01
9.999576751948588971e-01
9.999567465251358866e-01
9.999555584098693828e-01
9.999541134699515554e-01
9.999524143448422775e-01
9.999504636872559304e-01
9.999482641569875652e-01
9.999458184258330773e-01
9.999431291760747520e-01
9.999401990938694418e-01
9.999370308855511924e-01
9.999336272662957548e-01
9.999299909330315872e-01
9.999261246017242533e-01
9.999220310177668880e-01
9.999177129053270496e-01
9.999131730064857448e-01
9.999084140637209961e-01
9.999034388086583958e-01
9.998982500047163269e-01
9.998928504096908920e-01
9.998872427731028134e-01
9.998814298385511057e-01
9.998754143613448608e-01
9.998691991126038570e-01
9.998627868464986523e-01
9.998561803013866767e-01
9.998493822466744119e-01
9.998423954362138932e-01
9.998352226199854753e-01
9.998278665551768585e-01
9.998203299733287031e-01
9.998126156230986439e-01
9.998047262330646001e-01
9.997966645438203237e-01
9.997884332885007552e-01
9.997800351856105383e-01
9.997714729622094731e-01
9.997627493121652442e-01
9.997538669529478783e-01
9.997448285951704428e-01
9.997356369347895066e-01
9.997262946334852796e-01
9.997168043619923949e-01
9.997071688111394128e-01
9.996973906175876667e-01
9.996874724388843392e-01
9.996774169058016968e-01
9.996672266563628728e-01
9.996569043362751872e-01
9.996464525193081707e-01
9.996358737969922581e-01
9.996251707926819829e-01
9.996143460621216281e-01
9.996034021789512725e-01
9.995923416960018626e-01
9.995811671462452308e-01
9.995698810466538964e-01
9.995584859108490594e-01
9.995469842733579746e-01
9.995353786168907906e-01
9.995236713769920511e-01
9.995118650152475803e-01
9.994999620111411076e-01
9.994879647886143470e-01
9.994758757705198837e-01
9.994636973169994665e-01
9.994514318410331333e-01
9.994390817197672527e-01
9.994266493060806056e-01
9.994141369520326279e-01
9.994015469951795794e-01
9.993888817116083345e-01
9.993761433867612842e-01
9.993633343268568670e-01
9.993504567912424585e-01
9.993375129901130860e-01
9.993245051627178688e-01
9.993114355354382194e-01
9.992983063040968839e-01
9.992851196289010973e-01
9.992718776694370364e-01
9.992585825610071915e-01
9.992452364451587243e-01
9.992318414069414345e-01
9.992183995078899317e-01
9.992049128159524729e-01
9.991913834224582791e-01
9.991778133502609016e-01
9.991642046180980730e-01
9.991505592200876640e-01
9.991368790957944057e-01
9.991231662099239186e-01
9.991094225224173009e-01
9.990956499490751819e-01
9.990818504071387052e-01
9.990680257441226786e-01
9.990541778526471628e-01
9.990403085649263160e-01
9.990264197057989737e-01
9.990125131080009879e-01
9.989985905300684532e-01
9.989846537545669092e-01
9.989707045091494875e-01
9.989567445070303142e-01
9.989427754647556279e-01
9.989287991214423901e-01
9.989148171706138113e-01
9.989008311989998612e-01
9.988868428244565001e-01
9.988728537082299797e-01
9.988588654105946540e-01
9.988448795230395749e-01
9.988308976251388804e-01
9.988169212471200709e-01
9.988029518785015437e-01
9.987889910387390824e-01
9.987750401810882028e-01
9.987611007340924107e-01
9.987471742236628813e-01
9.987332620475370959e-01
9.987193655870317821e-01
9.987054862020353641e-01
9.986916252709403530e-01
9.986777841296803349e-01
9.986639641313942439e-01
9.986501665856726273e-01
9.986363927644383853e-01
9.986226439553100853e-01
9.986089213966027334e-01
9.985952262513381195e-01
9.985815597637358598e-01
9.985679231652425658e-01
9.985543176251914232e-01
9.985407443018721185e-01
9.985272043255575269e-01
9.985136988178933137e-01
9.985002288452586861e-01
9.984867954735571205e-01
9.984733998093264784e-01
9.984600429172095781e-01
9.984467257836924237e-01
9.984334494578560593e-01
9.984202149117017422e-01
9.984070230921862077e-01
9.983938749734408979e-01
9.983807715265838878e-01
9.983677136560551446e-01
9.983547022561058970e-01
9.983417382269184071e-01
9.983288224264822430e-01
9.983159556851840533e-01
9.983031388607931378e-01
9.982903727259614390e-01
9.982776581017575035e-01
9.982649957709652799e-01
9.982523865701908861e-01
9.982398311802960222e-01
9.982273303229203254e-01
9.982148847540084358e-01
9.982024952237159576e-01
9.981901623389810574e-01
9.981778867799760979e-01
9.981656691716701557e-01
9.981535101510295993e-01
9.981414103944238336e-01
9.981293704801554867e-01
9.981173909515739240e-01
9.981054724406168699e-01
9.980936155150678113e-01
9.980818206554833427e-01
9.980700884166116005e-01
9.980584193255921388e-01
9.980468138842342185e-01
9.980352726082415415e-01
9.980237959394929748e-01
9.980123842901503783e-01
9.980010381281876342e-01
9.979897578831681271e-01
9.979785439892349119e-01
9.979673967730287032e-01
9.979563166719978007e-01
9.979453040541540476e-01
9.979343592286404885e-01
9.979234826316382145e-01
9.979126745380434427e-01
9.979019352336313542e-01
9.978912650512798965e-01
9.978806642552713324e-01
9.978701331480172021e-01
9.978596720682443300e-01
9.978492811595293110e-01
9.978389606294338909e-01
9.978287108158420127e-01
9.978185319003426423e-01
9.978084240654421233e-01
9.977983875593288143e-01
9.977884224768847066e-01
9.977785289608475106e-01
9.977687072234132648e-01
9.977589574152305740e-01
9.977492796564629840e-01
9.977396740885571269e-01
9.977301408204113375e-01
9.977206799119984204e-01
9.977112914312665781e-01
9.977019754284595088e-01
9.976927320246362640e-01
9.976835612928139918e-01
9.976744632413505620e-01
9.976654379357375868e-01
9.976564853909785091e-01
9.976476055906224882e-01
9.976387985845187600e-01
9.976300643339728325e-01
9.976214028372245579e-01
9.976128140833596669e-01
9.976042979728924065e-01
9.975958545007149736e-01
9.975874836837425041e-01
9.975791853777647988e-01
9.975709595340305214e-01
9.975628060591629209e-01
9.975547248622572694e-01
9.975467158478581453e-01
9.975387789384670967e-01
9.975309140040643507e-01
9.975231208692193485e-01
9.975153994268762814e-01
9.975077495711549558e-01
9.975001711404246629e-01
9.974926639644059456e-01
9.974852279026282798e-01
9.974778627935723119e-01
9.974705684238466263e-01
9.974633445721465819e-01
9.974561910905404005e-01
9.974491078424884138e-01
9.974420945613555745e-01
9.974351510637609053e-01
9.974282770998398329e-01
9.974214723910441727e-01
9.974147367402210751e-01
9.974080699833275387e-01
9.974014718420096681e-01
9.973949420329332183e-01
9.973884802821846307e-01
9.973820863224217570e-01
9.973757598892610821e-01
9.973695006994097723e-01
9.973633084445060470e-01
9.973571828241448722e-01
9.973511235876217906e-01
9.973451304475520196e-01
9.973392030764480776e-01
9.973333412190005243e-01
9.973275444732180306e-01
9.973218125756643238e-01
9.973161452045785635e-01
