0.000000000000000000e+00
9.999999776482582092e-03
1.999999955296516418e-02
2.999999932944774628e-02
3.999999910593032837e-02
4.999999701976776123e-02
5.999999865889549255e-02
7.000000029802322388e-02
7.999999821186065674e-02
8.999999612569808960e-02
9.999999403953552246e-02
1.099999994039535522e-01
1.199999973177909851e-01
1.299999952316284180e-01
1.400000005960464478e-01
1.499999910593032837e-01
1.599999964237213135e-01
1.700000017881393433e-01
1.799999922513961792e-01
1.899999976158142090e-01
1.999999880790710449e-01
2.099999934434890747e-01
2.199999988079071045e-01
2.299999892711639404e-01
2.399999946355819702e-01
2.500000000000000000e-01
2.599999904632568359e-01
2.699999809265136719e-01
2.800000011920928955e-01
2.899999916553497314e-01
2.999999821186065674e-01
3.100000023841857910e-01
3.199999928474426270e-01
3.299999833106994629e-01
3.400000035762786865e-01
3.499999940395355225e-01
3.599999845027923584e-01
3.700000047683715820e-01
3.799999952316284180e-01
3.899999856948852539e-01
3.999999761581420898e-01
4.099999964237213135e-01
4.199999868869781494e-01
4.299999773502349854e-01
4.399999976158142090e-01
4.499999880790710449e-01
4.599999785423278809e-01
4.699999988079071045e-01
4.799999892711639404e-01
4.899999797344207764e-01
5.000000000000000000e-01
5.099999904632568359e-01
5.199999809265136719e-01
5.299999713897705078e-01
5.399999618530273438e-01
5.500000119209289551e-01
5.600000023841857910e-01
5.699999928474426270e-01
5.799999833106994629e-01
5.899999737739562988e-01
5.999999642372131348e-01
6.100000143051147461e-01
6.200000047683715820e-01
6.299999952316284180e-01
6.399999856948852539e-01
6.499999761581420898e-01
6.599999666213989258e-01
6.699999570846557617e-01
6.800000071525573730e-01
6.899999976158142090e-01
6.999999880790710449e-01
7.099999785423278809e-01
7.199999690055847168e-01
7.299999594688415527e-01
7.400000095367431641e-01
7.500000000000000000e-01
7.599999904632568359e-01
7.699999809265136719e-01
7.799999713897705078e-01
7.899999618530273438e-01
7.999999523162841797e-01
8.100000023841857910e-01
8.199999928474426270e-01
8.299999833106994629e-01
8.399999737739562988e-01
8.499999642372131348e-01
8.599999547004699707e-01
8.700000047683715820e-01
8.799999952316284180e-01
8.899999856948852539e-01
8.999999761581420898e-01
9.099999666213989258e-01
9.199999570846557617e-01
9.300000071525573730e-01
9.399999976158142090e-01
9.499999880790710449e-01
9.599999785423278809e-01
9.699999690055847168e-01
9.799999594688415527e-01
9.899999499320983887e-01
1.000000000000000000e+00
1.009999990463256836e+00
1.019999980926513672e+00
1.029999971389770508e+00
1.039999961853027344e+00
1.049999952316284180e+00
1.059999942779541016e+00
1.069999933242797852e+00
1.079999923706054688e+00
1.090000033378601074e+00
1.100000023841857910e+00
1.110000014305114746e+00
1.120000004768371582e+00
1.129999995231628418e+00
1.139999985694885254e+00
1.149999976158142090e+00
1.159999966621398926e+00
1.169999957084655762e+00
1.179999947547912598e+00
1.189999938011169434e+00
1.199999928474426270e+00
1.209999918937683105e+00
1.220000028610229492e+00
1.230000019073486328e+00
1.240000009536743164e+00
1.250000000000000000e+00
1.259999990463256836e+00
1.269999980926513672e+00
1.279999971389770508e+00
1.289999961853027344e+00
1.299999952316284180e+00
1.309999942779541016e+00
1.319999933242797852e+00
1.329999923706054688e+00
1.339999914169311523e+00
1.350000023841857910e+00
1.360000014305114746e+00
1.370000004768371582e+00
1.379999995231628418e+00
1.389999985694885254e+00
1.399999976158142090e+00
1.409999966621398926e+00
1.419999957084655762e+00
1.429999947547912598e+00
1.439999938011169434e+00
1.449999928474426270e+00
1.459999918937683105e+00
1.469999909400939941e+00
1.480000019073486328e+00
1.490000009536743164e+00
1.500000000000000000e+00
1.509999990463256836e+00
1.519999980926513672e+00
1.529999971389770508e+00
1.539999961853027344e+00
1.549999952316284180e+00
1.559999942779541016e+00
1.569999933242797852e+00
1.579999923706054688e+00
1.589999914169311523e+00
1.599999904632568359e+00
1.610000014305114746e+00
1.620000004768371582e+00
1.629999995231628418e+00
1.639999985694885254e+00
1.649999976158142090e+00
1.659999966621398926e+00
1.669999957084655762e+00
1.679999947547912598e+00
1.689999938011169434e+00
1.699999928474426270e+00
1.709999918937683105e+00
1.719999909400939941e+00
1.730000019073486328e+00
1.740000009536743164e+00
1.750000000000000000e+00
1.759999990463256836e+00
1.769999980926513672e+00
1.779999971389770508e+00
1.789999961853027344e+00
1.799999952316284180e+00
1.809999942779541016e+00
1.819999933242797852e+00
1.829999923706054688e+00
1.839999914169311523e+00
1.849999904632568359e+00
1.860000014305114746e+00
1.870000004768371582e+00
1.879999995231628418e+00
1.889999985694885254e+00
1.899999976158142090e+00
1.909999966621398926e+00
1.919999957084655762e+00
1.929999947547912598e+00
1.939999938011169434e+00
1.949999928474426270e+00
1.959999918937683105e+00
1.969999909400939941e+00
1.979999899864196777e+00
1.990000009536743164e+00
2.000000000000000000e+00
2.009999990463256836e+00
2.019999980926513672e+00
2.029999971389770508e+00
2.039999961853027344e+00
2.049999952316284180e+00
2.059999942779541016e+00
2.069999933242797852e+00
2.079999923706054688e+00
2.089999914169311523e+00
2.099999904632568359e+00
2.109999895095825195e+00
2.119999885559082031e+00
2.129999876022338867e+00
2.139999866485595703e+00
2.149999856948852539e+00
2.159999847412109375e+00
2.169999837875366211e+00
2.180000066757202148e+00
2.190000057220458984e+00
2.200000047683715820e+00
2.210000038146972656e+00
2.220000028610229492e+00
2.230000019073486328e+00
2.240000009536743164e+00
2.250000000000000000e+00
2.259999990463256836e+00
2.269999980926513672e+00
2.279999971389770508e+00
2.289999961853027344e+00
2.299999952316284180e+00
2.309999942779541016e+00
2.319999933242797852e+00
2.329999923706054688e+00
2.339999914169311523e+00
2.349999904632568359e+00
2.359999895095825195e+00
2.369999885559082031e+00
2.379999876022338867e+00
2.389999866485595703e+00
2.399999856948852539e+00
2.409999847412109375e+00
2.419999837875366211e+00
2.429999828338623047e+00
2.440000057220458984e+00
2.450000047683715820e+00
2.460000038146972656e+00
2.470000028610229492e+00
2.480000019073486328e+00
2.490000009536743164e+00
2.500000000000000000e+00
2.509999990463256836e+00
2.519999980926513672e+00
2.529999971389770508e+00
2.539999961853027344e+00
2.549999952316284180e+00
2.559999942779541016e+00
2.569999933242797852e+00
2.579999923706054688e+00
2.589999914169311523e+00
2.599999904632568359e+00
2.609999895095825195e+00
2.619999885559082031e+00
2.629999876022338867e+00
2.639999866485595703e+00
2.649999856948852539e+00
2.659999847412109375e+00
2.669999837875366211e+00
2.679999828338623047e+00
2.690000057220458984e+00
2.700000047683715820e+00
2.710000038146972656e+00
2.720000028610229492e+00
2.730000019073486328e+00
2.740000009536743164e+00
2.750000000000000000e+00
2.759999990463256836e+00
2.769999980926513672e+00
2.779999971389770508e+00
2.789999961853027344e+00
2.799999952316284180e+00
2.809999942779541016e+00
2.819999933242797852e+00
2.829999923706054688e+00
2.839999914169311523e+00
2.849999904632568359e+00
2.859999895095825195e+00
2.869999885559082031e+00
2.879999876022338867e+00
2.889999866485595703e+00
2.899999856948852539e+00
2.909999847412109375e+00
2.919999837875366211e+00
2.929999828338623047e+00
2.939999818801879883e+00
2.950000047683715820e+00
2.960000038146972656e+00
2.970000028610229492e+00
2.980000019073486328e+00
2.990000009536743164e+00
3.000000000000000000e+00
3.009999990463256836e+00
3.019999980926513672e+00
3.029999971389770508e+00
3.039999961853027344e+00
3.049999952316284180e+00
3.059999942779541016e+00
3.069999933242797852e+00
3.079999923706054688e+00
3.089999914169311523e+00
3.099999904632568359e+00
3.109999895095825195e+00
3.119999885559082031e+00
3.129999876022338867e+00
3.139999866485595703e+00
3.149999856948852539e+00
3.159999847412109375e+00
3.169999837875366211e+00
3.179999828338623047e+00
3.189999818801879883e+00
3.199999809265136719e+00
3.210000038146972656e+00
3.220000028610229492e+00
3.230000019073486328e+00
3.240000009536743164e+00
3.250000000000000000e+00
3.259999990463256836e+00
3.269999980926513672e+00
3.279999971389770508e+00
3.289999961853027344e+00
3.299999952316284180e+00
3.309999942779541016e+00
3.319999933242797852e+00
3.329999923706054688e+00
3.339999914169311523e+00
3.349999904632568359e+00
3.359999895095825195e+00
3.369999885559082031e+00
3.379999876022338867e+00
3.389999866485595703e+00
3.399999856948852539e+00
3.409999847412109375e+00
3.419999837875366211e+00
3.429999828338623047e+00
3.439999818801879883e+00
3.449999809265136719e+00
3.460000038146972656e+00
3.470000028610229492e+00
3.480000019073486328e+00
3.490000009536743164e+00
3.500000000000000000e+00
3.509999990463256836e+00
3.519999980926513672e+00
3.529999971389770508e+00
3.539999961853027344e+00
3.549999952316284180e+00
3.559999942779541016e+00
3.569999933242797852e+00
3.579999923706054688e+00
3.589999914169311523e+00
3.599999904632568359e+00
3.609999895095825195e+00
3.619999885559082031e+00
3.629999876022338867e+00
3.639999866485595703e+00
3.649999856948852539e+00
3.659999847412109375e+00
3.669999837875366211e+00
3.679999828338623047e+00
3.689999818801879883e+00
3.699999809265136719e+00
3.709999799728393555e+00
3.720000028610229492e+00
3.730000019073486328e+00
3.740000009536743164e+00
3.750000000000000000e+00
3.759999990463256836e+00
3.769999980926513672e+00
3.779999971389770508e+00
3.789999961853027344e+00
3.799999952316284180e+00
3.809999942779541016e+00
3.819999933242797852e+00
3.829999923706054688e+00
3.839999914169311523e+00
3.849999904632568359e+00
3.859999895095825195e+00
3.869999885559082031e+00
3.879999876022338867e+00
3.889999866485595703e+00
3.899999856948852539e+00
3.909999847412109375e+00
3.919999837875366211e+00
3.929999828338623047e+00
3.939999818801879883e+00
3.949999809265136719e+00
3.959999799728393555e+00
3.970000028610229492e+00
3.980000019073486328e+00
3.990000009536743164e+00
4.000000000000000000e+00
4.009999752044677734e+00
4.019999980926513672e+00
4.029999732971191406e+00
4.039999961853027344e+00
4.049999713897705078e+00
4.059999942779541016e+00
4.069999694824218750e+00
4.079999923706054688e+00
4.089999675750732422e+00
4.099999904632568359e+00
4.110000133514404297e+00
4.119999885559082031e+00
4.130000114440917969e+00
4.139999866485595703e+00
4.150000095367431641e+00
4.159999847412109375e+00
4.170000076293945312e+00
4.179999828338623047e+00
4.190000057220458984e+00
4.199999809265136719e+00
4.210000038146972656e+00
4.219999790191650391e+00
4.230000019073486328e+00
4.239999771118164062e+00
4.250000000000000000e+00
4.259999752044677734e+00
4.269999980926513672e+00
4.279999732971191406e+00
4.289999961853027344e+00
4.299999713897705078e+00
4.309999942779541016e+00
4.319999694824218750e+00
4.329999923706054688e+00
4.339999675750732422e+00
4.349999904632568359e+00
4.360000133514404297e+00
4.369999885559082031e+00
4.380000114440917969e+00
4.389999866485595703e+00
4.400000095367431641e+00
4.409999847412109375e+00
4.420000076293945312e+00
4.429999828338623047e+00
4.440000057220458984e+00
4.449999809265136719e+00
4.460000038146972656e+00
4.469999790191650391e+00
4.480000019073486328e+00
4.489999771118164062e+00
4.500000000000000000e+00
4.509999752044677734e+00
4.519999980926513672e+00
4.529999732971191406e+00
4.539999961853027344e+00
4.549999713897705078e+00
4.559999942779541016e+00
4.569999694824218750e+00
4.579999923706054688e+00
4.589999675750732422e+00
4.599999904632568359e+00
4.610000133514404297e+00
4.619999885559082031e+00
4.630000114440917969e+00
4.639999866485595703e+00
4.650000095367431641e+00
4.659999847412109375e+00
4.670000076293945312e+00
4.679999828338623047e+00
4.690000057220458984e+00
4.699999809265136719e+00
4.710000038146972656e+00
4.719999790191650391e+00
4.730000019073486328e+00
4.739999771118164062e+00
4.750000000000000000e+00
4.759999752044677734e+00
4.769999980926513672e+00
4.779999732971191406e+00
4.789999961853027344e+00
4.799999713897705078e+00
4.809999942779541016e+00
4.819999694824218750e+00
4.829999923706054688e+00
4.839999675750732422e+00
4.849999904632568359e+00
4.859999656677246094e+00
4.869999885559082031e+00
4.880000114440917969e+00
4.889999866485595703e+00
4.900000095367431641e+00
4.909999847412109375e+00
4.920000076293945312e+00
4.929999828338623047e+00
4.940000057220458984e+00
4.949999809265136719e+00
4.960000038146972656e+00
4.969999790191650391e+00
4.980000019073486328e+00
4.989999771118164062e+00
5.000000000000000000e+00
5.009999752044677734e+00
5.019999980926513672e+00
5.029999732971191406e+00
5.039999961853027344e+00
5.049999713897705078e+00
5.059999942779541016e+00
5.069999694824218750e+00
5.079999923706054688e+00
5.089999675750732422e+00
5.099999904632568359e+00
5.109999656677246094e+00
5.119999885559082031e+00
5.130000114440917969e+00
5.139999866485595703e+00
5.150000095367431641e+00
5.159999847412109375e+00
5.170000076293945312e+00
5.179999828338623047e+00
5.190000057220458984e+00
5.199999809265136719e+00
5.210000038146972656e+00
5.219999790191650391e+00
5.230000019073486328e+00
5.239999771118164062e+00
5.250000000000000000e+00
5.259999752044677734e+00
5.269999980926513672e+00
5.279999732971191406e+00
5.289999961853027344e+00
5.299999713897705078e+00
5.309999942779541016e+00
5.319999694824218750e+00
5.329999923706054688e+00
5.339999675750732422e+00
5.349999904632568359e+00
5.359999656677246094e+00
5.369999885559082031e+00
5.380000114440917969e+00
5.389999866485595703e+00
5.400000095367431641e+00
5.409999847412109375e+00
5.420000076293945312e+00
5.429999828338623047e+00
5.440000057220458984e+00
5.449999809265136719e+00
5.460000038146972656e+00
5.469999790191650391e+00
5.480000019073486328e+00
5.489999771118164062e+00
5.500000000000000000e+00
5.509999752044677734e+00
5.519999980926513672e+00
5.529999732971191406e+00
5.539999961853027344e+00
5.549999713897705078e+00
5.559999942779541016e+00
5.569999694824218750e+00
5.579999923706054688e+00
5.589999675750732422e+00
5.599999904632568359e+00
5.609999656677246094e+00
5.619999885559082031e+00
5.629999637603759766e+00
5.639999866485595703e+00
5.650000095367431641e+00
5.659999847412109375e+00
5.670000076293945312e+00
5.679999828338623047e+00
5.690000057220458984e+00
5.699999809265136719e+00
5.710000038146972656e+00
5.719999790191650391e+00
5.730000019073486328e+00
5.739999771118164062e+00
5.750000000000000000e+00
5.759999752044677734e+00
5.769999980926513672e+00
5.779999732971191406e+00
5.789999961853027344e+00
5.799999713897705078e+00
5.809999942779541016e+00
5.819999694824218750e+00
5.829999923706054688e+00
5.839999675750732422e+00
5.849999904632568359e+00
5.859999656677246094e+00
5.869999885559082031e+00
5.879999637603759766e+00
5.889999866485595703e+00
5.900000095367431641e+00
5.909999847412109375e+00
5.920000076293945312e+00
5.929999828338623047e+00
5.940000057220458984e+00
5.949999809265136719e+00
5.960000038146972656e+00
5.969999790191650391e+00
5.980000019073486328e+00
5.989999771118164062e+00
6.000000000000000000e+00
6.009999752044677734e+00
6.019999980926513672e+00
6.029999732971191406e+00
6.039999961853027344e+00
6.049999713897705078e+00
6.059999942779541016e+00
6.069999694824218750e+00
6.079999923706054688e+00
6.089999675750732422e+00
6.099999904632568359e+00
6.109999656677246094e+00
6.119999885559082031e+00
6.129999637603759766e+00
6.139999866485595703e+00
6.150000095367431641e+00
6.159999847412109375e+00
6.170000076293945312e+00
6.179999828338623047e+00
6.190000057220458984e+00
6.199999809265136719e+00
6.210000038146972656e+00
6.219999790191650391e+00
6.230000019073486328e+00
6.239999771118164062e+00
6.250000000000000000e+00
6.259999752044677734e+00
6.269999980926513672e+00
6.279999732971191406e+00
6.289999961853027344e+00
6.299999713897705078e+00
6.309999942779541016e+00
6.319999694824218750e+00
6.329999923706054688e+00
6.339999675750732422e+00
6.349999904632568359e+00
6.359999656677246094e+00
6.369999885559082031e+00
6.379999637603759766e+00
6.389999866485595703e+00
6.399999618530273438e+00
6.409999847412109375e+00
6.420000076293945312e+00
6.429999828338623047e+00
6.440000057220458984e+00
6.449999809265136719e+00
6.460000038146972656e+00
6.469999790191650391e+00
6.480000019073486328e+00
6.489999771118164062e+00
6.500000000000000000e+00
6.509999752044677734e+00
6.519999980926513672e+00
6.529999732971191406e+00
6.539999961853027344e+00
6.549999713897705078e+00
6.559999942779541016e+00
6.569999694824218750e+00
6.579999923706054688e+00
6.589999675750732422e+00
6.599999904632568359e+00
6.609999656677246094e+00
6.619999885559082031e+00
6.629999637603759766e+00
6.639999866485595703e+00
6.649999618530273438e+00
6.659999847412109375e+00
6.670000076293945312e+00
6.679999828338623047e+00
6.690000057220458984e+00
6.699999809265136719e+00
6.710000038146972656e+00
6.719999790191650391e+00
6.730000019073486328e+00
6.739999771118164062e+00
6.750000000000000000e+00
6.759999752044677734e+00
6.769999980926513672e+00
6.779999732971191406e+00
6.789999961853027344e+00
6.799999713897705078e+00
6.809999942779541016e+00
6.819999694824218750e+00
6.829999923706054688e+00
6.839999675750732422e+00
6.849999904632568359e+00
6.859999656677246094e+00
6.869999885559082031e+00
6.879999637603759766e+00
6.889999866485595703e+00
6.899999618530273438e+00
6.909999847412109375e+00
6.920000076293945312e+00
6.929999828338623047e+00
6.940000057220458984e+00
6.949999809265136719e+00
6.960000038146972656e+00
6.969999790191650391e+00
6.980000019073486328e+00
6.989999771118164062e+00
7.000000000000000000e+00
7.009999752044677734e+00
7.019999980926513672e+00
7.029999732971191406e+00
7.039999961853027344e+00
7.049999713897705078e+00
7.059999942779541016e+00
7.069999694824218750e+00
7.079999923706054688e+00
7.089999675750732422e+00
7.099999904632568359e+00
7.109999656677246094e+00
7.119999885559082031e+00
7.129999637603759766e+00
7.139999866485595703e+00
7.149999618530273438e+00
7.159999847412109375e+00
7.170000076293945312e+00
7.179999828338623047e+00
7.190000057220458984e+00
7.199999809265136719e+00
7.210000038146972656e+00
7.219999790191650391e+00
7.230000019073486328e+00
7.239999771118164062e+00
7.250000000000000000e+00
7.259999752044677734e+00
7.269999980926513672e+00
7.279999732971191406e+00
7.289999961853027344e+00
7.299999713897705078e+00
7.309999942779541016e+00
7.319999694824218750e+00
7.329999923706054688e+00
7.339999675750732422e+00
7.349999904632568359e+00
7.359999656677246094e+00
7.369999885559082031e+00
7.379999637603759766e+00
7.389999866485595703e+00
7.399999618530273438e+00
7.409999847412109375e+00
7.419999599456787109e+00
7.429999828338623047e+00
7.440000057220458984e+00
7.449999809265136719e+00
7.460000038146972656e+00
7.469999790191650391e+00
7.480000019073486328e+00
7.489999771118164062e+00
7.500000000000000000e+00
7.509999752044677734e+00
7.519999980926513672e+00
7.529999732971191406e+00
7.539999961853027344e+00
7.549999713897705078e+00
7.559999942779541016e+00
7.569999694824218750e+00
7.579999923706054688e+00
7.589999675750732422e+00
7.599999904632568359e+00
7.609999656677246094e+00
7.619999885559082031e+00
7.629999637603759766e+00
7.639999866485595703e+00
7.649999618530273438e+00
7.659999847412109375e+00
7.669999599456787109e+00
7.679999828338623047e+00
7.690000057220458984e+00
7.699999809265136719e+00
7.710000038146972656e+00
7.719999790191650391e+00
7.730000019073486328e+00
7.739999771118164062e+00
7.750000000000000000e+00
7.759999752044677734e+00
7.769999980926513672e+00
7.779999732971191406e+00
7.789999961853027344e+00
7.799999713897705078e+00
7.809999942779541016e+00
7.819999694824218750e+00
7.829999923706054688e+00
7.839999675750732422e+00
7.849999904632568359e+00
7.859999656677246094e+00
7.869999885559082031e+00
7.879999637603759766e+00
7.889999866485595703e+00
7.899999618530273438e+00
7.909999847412109375e+00
7.919999599456787109e+00
7.929999828338623047e+00
7.940000057220458984e+00
7.949999809265136719e+00
7.960000038146972656e+00
7.969999790191650391e+00
7.980000019073486328e+00
7.989999771118164062e+00
8.000000000000000000e+00
8.010000228881835938e+00
8.019999504089355469e+00
8.029999732971191406e+00
8.039999961853027344e+00
8.050000190734863281e+00
8.059999465942382812e+00
8.069999694824218750e+00
8.079999923706054688e+00
8.090000152587890625e+00
8.099999427795410156e+00
8.109999656677246094e+00
8.119999885559082031e+00
8.130000114440917969e+00
8.139999389648437500e+00
8.149999618530273438e+00
8.159999847412109375e+00
8.170000076293945312e+00
8.179999351501464844e+00
8.189999580383300781e+00
8.199999809265136719e+00
8.210000038146972656e+00
8.220000267028808594e+00
8.229999542236328125e+00
8.239999771118164062e+00
8.250000000000000000e+00
8.260000228881835938e+00
8.269999504089355469e+00
8.279999732971191406e+00
8.289999961853027344e+00
8.300000190734863281e+00
8.309999465942382812e+00
8.319999694824218750e+00
8.329999923706054688e+00
8.340000152587890625e+00
8.349999427795410156e+00
8.359999656677246094e+00
8.369999885559082031e+00
8.380000114440917969e+00
8.389999389648437500e+00
8.399999618530273438e+00
8.409999847412109375e+00
8.420000076293945312e+00
8.429999351501464844e+00
8.439999580383300781e+00
8.449999809265136719e+00
8.460000038146972656e+00
8.470000267028808594e+00
8.479999542236328125e+00
8.489999771118164062e+00
8.500000000000000000e+00
8.510000228881835938e+00
8.519999504089355469e+00
8.529999732971191406e+00
8.539999961853027344e+00
8.550000190734863281e+00
8.559999465942382812e+00
8.569999694824218750e+00
8.579999923706054688e+00
8.590000152587890625e+00
8.599999427795410156e+00
8.609999656677246094e+00
8.619999885559082031e+00
8.630000114440917969e+00
8.639999389648437500e+00
8.649999618530273438e+00
8.659999847412109375e+00
8.670000076293945312e+00
8.679999351501464844e+00
8.689999580383300781e+00
8.699999809265136719e+00
8.710000038146972656e+00
8.720000267028808594e+00
8.729999542236328125e+00
8.739999771118164062e+00
8.750000000000000000e+00
8.760000228881835938e+00
8.769999504089355469e+00
8.779999732971191406e+00
8.789999961853027344e+00
8.800000190734863281e+00
8.809999465942382812e+00
8.819999694824218750e+00
8.829999923706054688e+00
8.840000152587890625e+00
8.849999427795410156e+00
8.859999656677246094e+00
8.869999885559082031e+00
8.880000114440917969e+00
8.889999389648437500e+00
8.899999618530273438e+00
8.909999847412109375e+00
8.920000076293945312e+00
8.929999351501464844e+00
8.939999580383300781e+00
8.949999809265136719e+00
8.960000038146972656e+00
8.970000267028808594e+00
8.979999542236328125e+00
8.989999771118164062e+00
9.000000000000000000e+00
9.010000228881835938e+00
9.019999504089355469e+00
9.029999732971191406e+00
9.039999961853027344e+00
9.050000190734863281e+00
9.059999465942382812e+00
9.069999694824218750e+00
9.079999923706054688e+00
9.090000152587890625e+00
9.099999427795410156e+00
9.109999656677246094e+00
9.119999885559082031e+00
9.130000114440917969e+00
9.139999389648437500e+00
9.149999618530273438e+00
9.159999847412109375e+00
9.170000076293945312e+00
9.179999351501464844e+00
9.189999580383300781e+00
9.199999809265136719e+00
9.210000038146972656e+00
9.220000267028808594e+00
9.229999542236328125e+00
9.239999771118164062e+00
9.250000000000000000e+00
9.260000228881835938e+00
9.269999504089355469e+00
9.279999732971191406e+00
9.289999961853027344e+00
9.300000190734863281e+00
9.309999465942382812e+00
9.319999694824218750e+00
9.329999923706054688e+00
9.340000152587890625e+00
9.349999427795410156e+00
9.359999656677246094e+00
9.369999885559082031e+00
9.380000114440917969e+00
9.389999389648437500e+00
9.399999618530273438e+00
9.409999847412109375e+00
9.420000076293945312e+00
9.429999351501464844e+00
9.439999580383300781e+00
9.449999809265136719e+00
9.460000038146972656e+00
9.469999313354492188e+00
9.479999542236328125e+00
9.489999771118164062e+00
9.500000000000000000e+00
9.510000228881835938e+00
9.519999504089355469e+00
9.529999732971191406e+00
9.539999961853027344e+00
9.550000190734863281e+00
9.559999465942382812e+00
9.569999694824218750e+00
9.579999923706054688e+00
9.590000152587890625e+00
9.599999427795410156e+00
9.609999656677246094e+00
9.619999885559082031e+00
9.630000114440917969e+00
9.639999389648437500e+00
9.649999618530273438e+00
9.659999847412109375e+00
9.670000076293945312e+00
9.679999351501464844e+00
9.689999580383300781e+00
9.699999809265136719e+00
9.710000038146972656e+00
9.719999313354492188e+00
9.729999542236328125e+00
9.739999771118164062e+00
9.750000000000000000e+00
9.760000228881835938e+00
9.769999504089355469e+00
9.779999732971191406e+00
9.789999961853027344e+00
9.800000190734863281e+00
9.809999465942382812e+00
9.819999694824218750e+00
9.829999923706054688e+00
9.840000152587890625e+00
9.849999427795410156e+00
9.859999656677246094e+00
9.869999885559082031e+00
9.880000114440917969e+00
9.889999389648437500e+00
9.899999618530273438e+00
9.909999847412109375e+00
9.920000076293945312e+00
9.929999351501464844e+00
9.939999580383300781e+00
9.949999809265136719e+00
9.960000038146972656e+00
9.969999313354492188e+00
9.979999542236328125e+00
9.989999771118164062e+00
1.000000000000000000e+01
